1 -0.534883   0
2 -0.49281   0.0420733
3 -0.492641   0.0242916
4 -0.482625   0.0198838
5 -0.454089   0.0324274
6 -0.431236   0.0349755
7 -0.429602   0.0296048
8 -0.437585   0.0268527
9 -0.426878   0.0259896
10 -0.434625   0.0245027
11 -0.442979   0.0236855
12 -0.440952   0.0217165
13 -0.436715   0.0204207
14 -0.440322   0.0192469
15 -0.430377   0.0204928
16 -0.430418   0.0191693
17 -0.431384   0.0180323
18 -0.436016   0.0176207
19 -0.437602   0.0167429
20 -0.433034   0.0165277
21 -0.437655   0.0163862
22 -0.438768   0.0156632
23 -0.440211   0.0150361
24 -0.438908   0.0144548
25 -0.442696   0.0143729
26 -0.443982   0.0138687
27 -0.438342   0.0144882
28 -0.436836   0.0140421
29 -0.433974   0.0138484
30 -0.434202   0.0133808
31 -0.435371   0.0129947
32 -0.434326   0.0126254
33 -0.43237   0.0123921
34 -0.430536   0.0121613
35 -0.429942   0.0118236
36 -0.424879   0.0125568
37 -0.426217   0.0122857
38 -0.422966   0.012392
39 -0.423262   0.0120737
40 -0.426137   0.0121142
41 -0.428008   0.0119622
42 -0.428665   0.0116924
43 -0.428241   0.0114252
44 -0.428611   0.0111686
45 -0.431348   0.0112554
46 -0.428173   0.0114567
47 -0.421408   0.0130933
48 -0.421403   0.0128176
49 -0.422855   0.012637
50 -0.422187   0.0123997
51 -0.42166   0.0121656
52 -0.422764   0.0119803
53 -0.424319   0.0118545
54 -0.425095   0.0116588
55 -0.426385   0.0115173
56 -0.42646   0.01131
57 -0.425918   0.011123
58 -0.426707   0.010958
59 -0.427115   0.0107784
60 -0.427973   0.0106319
61 -0.429201   0.010528
62 -0.429176   0.0103568
63 -0.430059   0.0102293
64 -0.431577   0.0101819
65 -0.432748   0.0100922
66 -0.433903   0.010005
67 -0.435251   0.00994635
68 -0.435158   0.00979943
69 -0.436577   0.00976006
70 -0.439038   0.0099295
71 -0.436325   0.0101578
72 -0.436898   0.0100321
73 -0.436369   0.00990784
74 -0.43752   0.00984062
75 -0.438383   0.00974678
76 -0.438392   0.00961768
77 -0.438301   0.00949239
78 -0.438939   0.00939159
79 -0.440301   0.00937143
80 -0.437136   0.00977966
81 -0.43703   0.00965875
82 -0.437526   0.00955311
83 -0.438528   0.00949029
84 -0.439261   0.00940523
85 -0.434223   0.0105712
86 -0.43241   0.0106038
87 -0.43236   0.0104813
88 -0.431158   0.010431
89 -0.430585   0.010329
90 -0.430554   0.0102137
91 -0.428939   0.0102292
92 -0.429436   0.0101296
93 -0.429965   0.010034
94 -0.429995   0.00992675
95 -0.430092   0.00982219
96 -0.430177   0.0097197
97 -0.430987   0.00965298
98 -0.431794   0.009588
99 -0.431236   0.00950704
100 -0.431358   0.00941229
