0
0.220699
-1.62803
-1.322
-0.621521
0.689933
0.689933
0.689933
0.689933
0.689933
0.689933
0.689933
1.06872
-0.867805
-0.867805
-0.867805
-0.867805
1.07982
-1.24239
-1.24239
-1.24239
-1.45904
0.277716
0.00407035
0.0940903
0.0940903
-0.139989
-0.139989
1.15191
1.15191
1.15191
1.15191
1.3574
1.59336
1.59336
1.34949
1.34949
1.40623
1.61312
0.0450818
-1.08532
-1.08532
-0.518298
-0.730665
-0.730665
-0.162048
-1.22501
-1.44632
-1.44632
-1.44632
0.534009
1.05204
-0.7539
0.185476
0.3861
-0.412631
-0.515434
-0.515434
-0.515434
-1.07339
-0.0441329
1.36429
1.36429
-0.927099
-0.927099
0.575849
1.20173
1.20173
0.887503
0.887503
0.887503
-0.69949
-0.69949
-0.69949
-0.69949
-0.69949
-1.04612
-0.341883
-0.872039
-0.872039
-0.872039
-0.872039
-1.03098
1.03611
0.679688
0.679688
0.679688
0.679688
-0.115002
-0.115002
-0.115002
-0.841837
1.1688
1.1688
1.1688
0.0683949
0.0683949
1.2483
0.2457
0.2457
-1.00955
-0.942192
-0.942192
-0.942192
-0.942192
-0.942192
-0.942192
-0.942192
-0.979421
0.493074
-0.467766
-0.467766
-0.467766
-0.467766
-0.467766
0.256709
-0.454813
-0.454813
-0.308172
-0.308172
-0.308172
1.79121
1.04183
0.483245
0.889221
0.889221
-0.640131
-0.640131
-0.640131
-0.640131
-0.640131
-0.640131
-1.31854
-1.31854
-1.31854
0.936068
-0.167986
1.00501
1.00501
1.00501
1.00501
1.00501
1.00501
1.00501
1.28764
1.28764
0.176731
0.176731
0.176731
-0.297564
-0.297564
-0.365658
0.512159
0.434165
-1.03971
-1.03971
-0.608102
0.661694
0.661694
0.661694
0.661694
-1.11854
-1.11854
-1.11854
-1.11854
-0.729446
-0.729446
-0.729446
-0.729446
-0.541199
0.920197
0.367433
-0.926403
-0.926403
0.210006
0.210006
1.33093
-0.792296
-0.892938
-0.892938
-0.30509
-1.38043
0.944729
0.944729
0.767775
0.767775
0.211636
1.14265
1.14265
1.14265
1.14265
-0.699598
-0.699598
-0.699598
-0.699598
-0.699598
-1.27791
-1.71534
-1.02309
-1.02309
-1.02309
-1.02309
-1.02309
-1.02309
-1.02309
1.08252
1.08252
1.08252
0.605111
0.241489
-0.841844
0.610476
-1.46357
-0.0177804
-0.0481035
-0.495619
-0.495619
-0.237608
-0.237608
-1.05034
-1.05034
-0.210639
-0.477591
-0.477591
-0.477591
-0.360174
0.898226
0.525746
0.911286
0.911286
-1.50254
-0.178069
-0.178069
-0.178069
-0.178069
0.410353
0.410353
0.410353
-0.0906989
1.28215
0.210355
0.210355
0.737943
-0.829787
0.947592
0.336513
-0.602304
-0.602304
-0.256626
-0.256626
0.656477
0.656477
0.656477
0.548086
0.0827938
0.796634
0.796634
-0.92839
0.297382
0.297382
-0.0484694
-0.0484694
-0.0484694
-0.0484694
0.942171
0.0756537
0.0756537
0.250961
-0.286561
-0.938123
-0.938123
-0.938123
0.341943
-1.54201
0.282512
1.25103
1.25103
1.25103
-1.24828
-1.24828
0.628419
-0.316451
-0.316451
-0.316451
-0.316451
-0.539505
-0.539505
-0.511301
0.597754
1.25016
1.25016
1.25016
1.25016
1.08829
-0.405645
-0.405645
-0.405645
-0.405645
-0.405645
-0.556115
0.235102
0.235102
0.665762
0.773641
1.27302
0.175772
0.175772
0.175772
0.550358
0.550358
0.550358
0.550358
0.789892
0.789892
0.554883
1.00662
-1.06373
-0.726509
-0.726509
-0.710697
-0.360146
1.06918
0.0503483
0.0503483
0.0314937
0.184941
-0.760627
-0.760627
-0.566976
-0.566976
1.41014
1.41014
1.37368
1.27386
-0.0705183
-0.0705183
0.907177
1.08261
1.08261
1.08261
-0.340046
-0.356305
-0.429755
-0.869267
-0.869267
-0.869267
-0.869267
-0.869267
-0.869267
-0.615165
-0.615165
0.301985
0.363316
0.363316
0.363316
0.363316
1.2009
-1.08339
-1.08339
-1.08339
-1.08339
0.834193
0.834193
0.834193
0.270647
0.270647
0.270647
-1.41982
-1.41982
0.330254
0.330254
0.330254
0.330254
-0.950109
-0.950109
-0.413546
0.42269
0.42269
1.35852
1.35852
1.44657
1.44657
1.44657
1.44657
1.22957
1.22957
0.48477
0.48477
1.73495
1.73495
1.73495
-0.591096
0.938294
1.12998
1.12998
0.527532
0.527532
0.527532
0.527532
0.527532
0.716834
-0.109124
-0.495534
-0.495534
-0.495534
0.624187
0.624187
0.624187
0.973038
1.06922
1.06922
1.06922
0.295029
0.295029
0.295029
0.295029
0.295029
0.295029
0.295029
0.295029
-0.317768
-1.20848
0.295012
0.295012
0.295012
2.10824
1.88204
1.88204
0.0997279
0.0997279
0.0997279
1.04858
1.04858
0.260925
0.260925
0.339292
0.329267
-0.674746
-0.362004
-0.362004
-0.05149
1.21368
1.21368
1.21368
-0.500413
1.02396
-0.558704
0.82573
0.591358
0.984741
0.984741
-0.0110355
-0.477939
-0.477939
0.822545
0.822545
-0.480323
0.211804
-1.37403
-0.873619
0.524607
0.524607
-1.32531
-0.386415
-1.11451
-1.16523
-0.524284
-1.06887
-1.18145
-1.18145
0.397968
0.18311
0.18311
0.18311
0.18311
0.18311
0.471355
0.471355
0.471355
0.471355
0.471355
0.807519
0.807519
0.807519
1.11932
1.11932
1.11932
1.11932
1.11932
1.11932
1.11932
-0.460637
-0.460637
-1.40824
-1.39378
-0.56757
0.580116
0.580116
0.580116
1.34845
1.34845
1.34845
1.03657
0.551009
-0.939164
-0.939164
0.314093
0.153679
0.21885
0.21885
0.21885
0.21885
0.21885
1.82899
1.82899
1.82899
1.82899
1.82503
1.97875
-0.3194
-0.429018
-0.429018
-0.429018
-0.429018
-0.429018
-0.429018
1.20079
1.20079
0.486985
0.486985
0.486985
0.486985
0.486985
1.26078
-0.978929
-0.978929
-0.978929
0.839478
-0.554758
1.14632
1.14632
1.14632
-0.0897346
-0.0897346
-0.0897346
1.08381
1.08381
0.490072
-1.22204
-0.135803
-0.135803
-0.135803
-0.135803
-1.38564
-1.38564
-1.38564
0.414868
0.891335
0.891335
0.869059
-0.0390662
-1.02832
-1.02832
-1.02832
0.43563
0.43563
-1.40121
-1.40121
-0.839065
-1.05285
-0.793447
0.12789
0.12789
0.12789
1.11656
-0.668855
0.152192
0.152192
-1.23304
-0.608073
-0.749209
-0.749209
-0.749209
0.641648
0.641648
-0.45261
-0.45261
-0.45261
-0.45261
-0.45261
0.639475
0.639475
-0.295497
-0.295497
-1.16924
0.0345858
0.788049
0.788049
0.990363
0.990363
0.949659
0.949659
0.995231
0.995231
1.11118
-0.284675
0.965478
0.242404
-1.30389
0.208831
0.208831
-0.577876
0.0917975
1.00632
1.00632
1.00632
1.00632
0.458573
0.458573
0.215603
-0.514983
-0.53183
-0.53183
1.3531
1.11851
0.123024
0.123024
-0.619073
-0.973576
0.600198
0.600198
-0.785303
1.24324
1.24324
0.11069
-2.04316
-1.30852
-0.566588
-0.566588
0.435354
0.435354
-1.39248
-0.26378
0.722171
-0.0343946
-0.0343946
1.21787
1.21787
1.48689
1.48689
-0.236309
-0.484345
0.653388
-0.241794
-0.241794
-1.0817
-1.0817
-1.0817
-1.0817
-1.20565
0.621875
0.414686
1.05652
1.05652
-1.31807
0.96258
0.96258
-0.058174
-0.058174
-0.058174
-0.058174
-0.058174
0.758046
0.758046
0.758046
-0.512328
-0.512328
-0.512328
-0.512328
-0.512328
-0.512328
-0.512328
-0.512328
-0.512328
-0.512328
-0.847242
-0.752737
1.29909
1.29909
-0.820634
0.73927
0.73927
1.66509
0.937821
-0.723277
0.761037
0.761037
0.761037
-0.214173
0.148402
0.148402
0.148402
0.750946
1.1032
-0.396301
-0.396301
-0.396301
-0.396301
-0.396301
-0.396301
-0.396301
0.00441341
0.00441341
0.515953
0.515953
1.11887
-0.0596734
0.238755
0.238755
0.370539
-0.135255
0.183793
-0.477715
-0.290663
0.157425
0.157425
0.35565
0.35565
0.35565
0.35565
0.35565
0.35565
-0.942103
-0.942103
-0.942103
-1.15405
0.100327
1.31183
-0.284909
-0.284909
1.2426
1.58952
1.58952
1.58952
-0.306227
-0.626345
-0.51095
-0.51095
-0.51095
0.509918
0.509918
0.509918
-0.503394
-0.503394
0.0955308
1.18144
-0.562033
0.810215
0.810215
0.810215
0.810215
-0.966215
-0.966215
-0.966215
0.281307
0.281307
-1.38913
-1.1839
-1.1839
-1.41822
-1.31683
-0.989915
0.0422801
-0.902823
-0.902823
0.211679
-0.0757279
-0.0757279
-0.0757279
-0.788868
-0.788868
1.14732
-1.12026
1.25893
-0.778449
-0.778449
0.68119
0.68119
0.68119
0.634948
-0.0869794
-0.870373
-0.870373
-1.18628
0.161525
0.161525
1.35711
1.35711
1.35711
1.35711
0.944079
0.944079
0.944079
0.719012
-0.120404
0.96147
0.96147
0.96147
0.0854018
0.0854018
-1.141
0.165097
1.53589
-0.149336
0.832992
-0.0642261
-0.0642261
-1.06505
0.418903
-0.867162
-0.867162
0.594334
-1.04622
0.513512
0.513512
-1.1757
-1.1757
-1.1757
-0.341781
-0.341781
-0.343485
-0.343485
-0.343485
-0.343485
-0.61925
-0.61925
0.424284
0.424284
0.935276
-0.0442743
0.866404
-1.19686
-1.19686
-1.19686
-0.528823
-0.528823
-0.528823
-0.262058
-0.262058
-0.262058
-0.610609
-0.610609
-0.610609
-0.644069
-0.644069
-0.644069
-0.42705
1.42343
1.42343
1.42343
1.42343
-0.251211
-0.251211
-0.251211
-0.251211
0.871662
-1.14551
-1.14551
-1.14551
-0.0494741
-0.636265
0.139383
-0.456185
-0.456185
-0.456185
1.34702
1.34702
1.34702
0.615377
-0.458802
0.362618
-1.88467
-1.88467
-1.88467
-1.88467
-0.545345
-0.351022
0.959839
0.508788
0.508788
0.508788
-1.32597
-1.32597
-1.32597
0.394066
0.57369
1.12705
1.2871
-1.14472
-1.79369
-1.79369
0.352003
0.352003
-0.804095
-0.804095
0.8071
0.8071
0.8071
0.8071
1.22043
-1.14166
-1.14166
-1.14166
1.15148
1.15148
-0.861078
1.32412
-0.396706
-0.396706
-0.396706
-0.396706
0.305578
0.140472
-1.1835
-1.1835
-1.37748
0.351662
0.351662
0.351662
0.351662
0.351662
-0.174755
0.895844
0.895844
-0.941451
-0.941451
-0.941451
0.161737
0.877654
-0.109046
1.48088
1.48088
-0.922462
-0.922462
-0.922462
-0.922462
0.468565
-1.07388
-1.07388
-1.16799
-1.16799
1.24344
1.24344
1.24344
-0.0839814
-1.0503
0.73207
0.277273
0.328371
0.328371
-0.056024
-1.00988
-1.00988
0.672917
0.672917
0.0469576
0.713033
-1.49475
-1.49475
-1.38792
0.843082
-0.335497
0.299732
-0.294574
1.21341
-0.149791
0.787418
-1.40503
0.410712
-0.0326504
-0.0326504
-0.0326504
-0.938508
1.50055
0.513678
0.513678
0.513678
-0.690812
-0.690812
-0.792
-1.36672
-1.36672
1.02252
1.02252
1.00066
1.67754
0.632622
0.632622
-0.631406
-0.631406
0.388971
-0.918371
-0.158918
-0.158918
-0.158918
-0.23951
-0.23951
-0.631065
-0.914597
-0.844033
0.44088
0.44088
0.44088
1.10172
1.10172
1.10172
-1.26511
-1.26511
-1.26081
1.04244
1.04244
1.06664
1.22799
0.604631
1.63751
0.903376
0.815821
0.815821
0.815821
-0.620901
0.752354
0.752354
0.752354
-0.515692
-0.515692
-0.515692
0.925363
-1.16018
-1.16018
-1.16018
-1.00949
0.350428
0.350428
0.350428
0.997686
0.997686
-0.594096
-1.49708
-0.993391
1.45089
1.45089
1.16203
1.16203
-0.741413
-0.568339
0.797332
0.797332
0.797332
-0.0299315
-0.0299315
-0.0299315
-0.349663
-0.349663
-0.941657
-0.941657
0.80299
-0.20156
0.538655
-1.31913
-1.31913
0.878363
0.878363
0.878363
0.878363
0.338374
-0.643037
-0.125754
1.04789
1.04789
1.04789
0.147782
-0.703076
-0.703076
1.11134
1.11134
1.11134
0.864379
0.864379
1.21127
0.238168
1.37674
1.37674
1.37674
1.37674
0.696364
-0.423889
-0.423889
-0.423889
-0.254216
0.885449
0.0830048
1.42917
1.42917
1.39985
1.39985
-0.976763
-0.152504
1.11233
1.11233
1.11233
1.11233
1.11233
1.27292
0.338249
0.338249
0.789064
0.789064
-0.591818
-0.591818
-0.942279
-0.942279
-0.942279
-0.942279
-0.942279
-0.887323
0.248458
0.248458
0.818863
0.818863
1.07119
0.885951
1.41786
1.41786
0.71254
0.71254
0.71254
0.71254
0.71254
0.71254
0.71254
0.0798882
0.0115409
0.452118
0.452118
0.452118
0.452118
0.452118
-1.45152
-1.45152
-0.224669
-0.224669
-0.614913
-1.65186
-1.65186
-1.23146
-1.23146
-0.679066
1.24774
0.797916
0.797916
0.797916
0.797916
0.797916
0.797916
-0.534923
-0.563866
-0.563866
-0.801268
-0.801268
-0.801268
-0.801268
-0.463826
-0.910759
-0.911975
-0.911975
-0.0499682
1.04888
-1.00515
-0.369342
0.286413
0.0808562
0.551308
0.551308
-0.462891
-0.276677
-0.276677
-0.276677
-0.276677
-0.276677
-0.258891
0.600475
0.71832
0.71832
-0.17659
-0.17659
-0.17659
-0.17659
-0.17659
-1.87586
-0.253169
-1.07759
-1.07759
0.250249
0.250249
-1.32972
-1.32972
-1.27848
-0.838459
0.692713
0.692713
0.60361
1.13929
1.13929
0.121858
1.18242
0.61699
1.71777
1.71777
1.71777
-0.265967
-0.265967
0.562826
0.562826
-1.67461
-0.0133109
1.46374
1.34864
0.026971
0.026971
1.82858
1.82858
1.82858
0.46176
0.46176
0.46176
0.46176
0.789608
0.848155
-0.5051
-0.5051
-0.5051
-0.5051
0.299519
0.299519
0.299519
0.299519
0.631484
0.631484
0.751026
0.477334
-1.09279
-1.09279
-1.09279
-1.09279
-0.759649
-0.546417
0.996001
0.996001
0.996001
-1.09375
-1.24607
-1.24607
-1.24607
-1.24607
-0.0800897
-0.973396
-0.0859327
-1.35732
-1.35732
-1.47768
-1.47768
-0.456858
-0.456858
-0.456858
1.36737
-0.244802
-0.244802
1.66542
1.66542
-0.355494
0.142665
0.142665
1.15278
1.15278
1.15278
1.0661
1.0661
0.60306
0.60306
0.475662
0.475662
1.40798
-0.523518
-0.105412
0.702451
-1.00944
0.911959
-0.0049733
-0.786975
-1.00164
-1.00164
-0.48599
-0.48599
1.17244
0.812308
-1.02021
-1.02021
-1.02021
-1.02021
-1.09062
-1.09062
0.951566
0.951566
0.966929
-0.6175
-0.6175
-0.190921
-1.08064
-1.0779
-1.0779
1.18321
0.994995
0.994995
0.994995
0.994995
-0.153388
-0.734871
-0.878275
-0.878275
-0.878275
-0.878275
0.334484
1.00856
1.00856
0.0794384
0.898946
1.22328
0.934996
0.934996
-0.662687
-0.662687
0.766177
-0.515788
-0.515788
-0.515788
-0.515788
-0.515788
-0.515788
-0.366495
0.972078
0.972078
0.972078
0.972078
-0.768149
-0.187502
-0.187502
-0.187502
-0.187502
-0.655332
-0.307644
-0.307644
-0.307644
0.166399
0.166399
0.820132
-0.773478
1.41411
-0.032096
-0.032096
0.399517
0.399517
0.399517
0.94972
0.257002
0.257002
-0.84957
-0.84957
0.874926
0.874926
0.981338
0.981338
0.971682
0.926347
0.0820568
0.0820568
0.0391984
-0.804224
-0.804224
-0.78569
-0.78569
0.0696621
0.0696621
-0.0448858
-0.0448858
-1.22725
-1.21688
0.424696
0.424696
0.424696
0.424696
0.424696
0.424696
1.48551
1.48551
1.48551
1.48551
0.0388424
-1.23526
-1.23526
-1.23526
-1.23526
0.624495
0.624495
-0.905918
0.236455
0.852226
1.17144
-0.122145
0.436235
0.436235
-0.557661
-0.557661
0.243733
-0.0938676
-1.31182
-1.31182
-1.31182
-0.281654
-0.777051
-0.777051
-1.49893
-1.34986
-1.34986
-0.698968
-0.698968
-0.221361
-0.221361
1.44721
1.89984
1.74146
1.74146
1.74146
1.74146
0.316578
0.316578
0.316578
-0.75542
-0.75542
-0.75542
0.921153
0.921153
0.335355
0.335355
0.335355
0.335355
-0.077691
-0.077691
-0.077691
-0.077691
-0.077691
-0.077691
-0.077691
0.462968
0.462968
0.462968
-0.641426
-0.203264
0.270921
0.644567
0.644567
1.00833
-0.900927
-0.900927
-0.900927
-1.07998
-1.12744
-0.348852
-0.348852
-0.558369
-0.558369
-0.135918
1.29488
-0.643596
-0.356033
-1.29855
-0.637891
-0.637891
-0.792321
-0.792321
-1.09629
-1.09629
-1.09629
-0.341181
-0.341181
-2.16438
0.187344
0.206599
0.468432
-0.829791
0.326518
0.326518
0.100827
-1.22161
-0.199675
-0.199675
1.31504
-0.981436
-0.981436
-0.0618924
-1.82479
-1.88505
-1.02212
-1.02212
-1.02212
-1.02212
-1.02212
-1.02212
-1.02212
-1.09588
0.0165295
-0.944544
-0.190133
-0.190133
1.09233
1.17089
1.17089
1.17089
-0.621904
0.643034
0.643034
0.643034
0.643034
-0.489478
-1.67512
-1.2496
-1.2496
-1.2496
-1.2496
-0.268095
-0.459357
-0.166221
-0.166221
-1.31626
-1.31626
0.42306
0.42306
0.254078
0.254078
0.0993355
-0.812418
-0.812418
-0.812418
0.372536
0.372536
0.372536
-0.604803
-0.526909
-0.526909
-0.526909
-0.456036
-0.456036
-0.456036
-0.456036
-1.10676
-1.11692
-1.11692
0.573079
0.573079
0.573079
-1.54904
0.628511
0.909
-0.459454
-0.459454
-0.496208
-1.38326
-1.38326
-1.38326
-0.394123
-0.394123
-0.394123
-0.394123
0.538489
-0.725381
-0.725381
-1.08961
-1.08961
-1.08961
-0.852355
-0.852355
-0.852355
-0.852355
-0.852355
-0.852355
-0.852355
-0.852355
-0.852355
-0.852355
-0.0875222
-0.0875222
-0.0875222
0.330247
0.330247
-0.406841
-0.495173
0.5422
0.0992065
0.0992065
0.867341
1.18274
1.18274
1.18274
0.273409
-0.291614
-0.291614
-0.693906
-1.15919
0.0626342
0.0626342
0.361025
0.361025
0.361025
0.00592148
0.00592148
-0.907928
0.246186
0.246186
0.841662
1.18499
1.18499
1.18499
-0.036169
-0.036169
1.63729
1.63729
1.63729
1.01102
1.01102
0.00117942
0.00117942
0.519983
0.519983
-0.721851
-0.721851
-0.176404
-0.923065
-0.923065
-0.579521
-0.579521
-0.579521
0.754683
-0.778561
0.818029
0.818029
0.75899
-1.01704
-1.01704
0.618285
0.618285
-0.0761149
-0.0761149
0.218053
0.218053
-1.2427
1.15815
-1.03291
-0.776616
-0.776616
-0.730898
-0.730898
-0.730898
-0.730898
-1.36259
-1.12333
-0.655945
-0.0292772
0.991104
0.102224
0.102224
-0.968739
-0.429768
-0.429768
0.187336
1.15204
-0.700878
-0.700878
1.7615
0.189204
-1.49391
-0.563922
-0.651268
-0.875941
-0.875941
-0.875941
-1.03314
-1.03314
-1.03314
-0.793603
-0.793603
-1.10063
-1.46231
-0.40627
-0.40627
-0.0375174
1.10811
1.10811
1.10811
1.10811
-0.137495
1.11841
1.11841
-1.26452
1.14741
-0.370432
-0.370432
-0.945398
0.434816
0.434816
0.434816
1.43575
1.43575
1.43575
0.829538
0.0455365
0.68304
-1.24864
-0.954543
-1.33019
-1.35648
-1.35648
-0.307198
1.57251
1.57251
0.536623
0.536623
0.536623
1.2575
1.2575
1.2575
1.2575
1.2575
1.2575
-0.379662
-0.379662
-1.06706
0.476835
0.476835
0.476835
0.231448
0.596108
0.826408
-1.52701
-1.52701
-1.52701
-1.5153
-1.5153
-0.329602
-1.04354
-0.440475
-0.440475
-0.440475
-0.440475
-0.412154
-0.434984
0.252023
-0.171243
-0.404704
-0.404704
-0.404704
1.44603
1.44603
-0.24206
0.715313
0.715313
0.715313
0.715313
0.715313
0.934668
0.934668
0.737811
0.737811
0.100148
0.100148
1.1868
0.5511
0.5511
0.5511
-0.326137
-0.874912
-0.874912
-0.874912
-0.0916168
0.681546
-0.846484
-0.846484
-0.846484
-0.846484
-1.10917
-1.10917
-0.591382
-0.67954
-0.67954
0.422195
0.422195
-0.840326
-0.840326
-0.840326
0.938623
-0.305955
1.61798
1.61798
1.61798
0.0932178
0.0932178
-0.619648
-1.36408
-1.36408
-1.37894
-0.688839
0.0374382
1.01857
1.01857
1.01857
1.01857
1.01857
0.334972
0.334972
-0.334025
1.10842
1.10842
-0.694416
-0.990131
0.809277
0.804051
0.0464947
1.5727
1.5727
1.6287
0.166422
0.166422
0.166422
0.166422
1.39287
1.39287
1.39287
0.222093
-0.680079
-0.9222
-0.9222
-0.9222
-1.14335
-1.14335
-1.22469
-1.22469
-1.22469
-0.939428
-0.939428
-0.939428
0.0644619
0.0644619
0.0644619
0.596677
0.596677
0.596677
0.596677
0.454219
0.454219
1.04409
-1.30576
-1.30576
0.429623
-0.745657
-0.745657
-0.0101924
0.403152
0.403152
-0.913168
0.822612
0.822612
0.822612
1.6071
1.6071
1.6071
-0.466141
-0.439468
0.344705
0.00875971
0.830946
0.830946
-0.117433
-0.117433
-0.716824
-0.716824
0.291259
-1.33046
-0.971934
0.293132
-0.506768
0.773113
0.773113
0.773113
0.557368
0.557368
0.936011
0.936011
-0.138136
-0.138136
-0.138136
0.715
1.63628
0.170967
0.170967
-0.35108
-0.35108
0.951908
-0.580506
-0.580506
-1.12742
-1.12742
-1.12742
-1.12742
-0.223286
-0.223286
-1.0371
0.457439
0.457439
-0.528935
-0.180738
-0.467163
-0.467163
1.31497
-0.240066
-0.952055
-0.46271
0.132306
-0.769029
-0.769029
-0.408976
-0.408976
-0.866351
-0.866351
0.828979
0.828979
-0.823366
-0.183788
-0.183788
1.55979
1.55979
0.906516
0.906516
0.906516
0.906516
-0.83147
-0.83147
-0.83147
-0.83147
0.367206
0.276007
0.276007
0.660278
-0.279319
-0.279319
-0.279319
-1.51498
-1.51498
-1.51498
-1.51498
-0.879516
-0.0417257
0.767426
0.767426
0.767426
0.767426
0.767426
0.767426
-1.13547
-1.13547
-1.13547
0.243114
0.309033
0.309033
0.418084
-0.867486
-1.22946
0.580777
0.580777
0.580777
0.580777
0.580777
0.580777
1.90712
1.90712
1.33466
0.46348
0.418416
0.403369
0.394716
0.394716
0.394716
1.15048
-0.705718
1.18678
-0.470935
0.142587
0.356895
0.356895
0.356895
0.319023
-0.0815802
-0.982942
-0.982942
1.43709
1.43709
0.0503217
0.256656
-0.449771
-1.17642
0.0255269
0.0255269
1.13382
1.21046
-0.198671
0.261506
0.261506
0.261506
0.994576
-0.0132808
-0.0132808
-0.0132808
-0.0132808
-0.792369
-0.792369
1.16232
1.16232
1.16232
1.03271
1.03271
0.71593
-0.901653
-0.926131
-0.926131
-0.926131
-0.926131
-0.926131
-0.926131
1.00499
-0.658859
-0.658859
-0.298518
-0.298518
0.959382
0.959382
-1.34514
-1.34514
-0.826853
-0.826853
-0.826853
-0.826853
-0.826853
1.25931
-1.19317
0.976599
0.976599
0.976599
-1.39466
-1.55993
-1.18496
-1.18496
-1.18496
-0.150235
-0.37838
-1.24464
0.595459
-1.08182
-1.08182
-0.314005
-0.314005
1.82998
0.788971
0.788971
0.788971
0.609218
-0.24202
-0.24202
-0.699465
-0.975144
-0.975144
1.1972
0.26099
0.26099
0.26099
0.26099
0.26099
0.189935
-1.10503
1.09326
-0.093311
-0.093311
-0.991082
0.377393
-1.75218
-1.75218
0.147443
0.441499
1.17963
-1.17719
-1.17719
-1.2016
-1.2016
-1.2016
0.00794353
0.0679811
0.870042
0.231314
0.231314
0.616904
-0.977131
1.19039
1.19039
1.19039
-0.644022
-0.644022
-0.644022
-0.644022
-0.644022
-0.991033
0.867662
1.31823
1.31823
1.34113
1.34113
1.34113
1.34113
-0.880651
-0.880651
-0.0604478
-1.10477
0.282675
0.658461
0.965555
0.100592
0.100592
-0.324823
-0.324823
0.849304
0.849304
0.849304
0.849304
0.849304
0.849304
0.849304
0.849304
-0.910174
-0.320241
-0.320241
0.158725
0.158725
-0.394018
-0.394018
-0.168343
-0.348214
-0.160052
-0.160052
0.831181
0.831181
0.784742
0.481033
-0.175043
0.861792
0.861792
-0.371227
-0.371227
-0.371227
-0.371227
-0.371227
-0.371227
-0.371227
-0.371227
-0.371227
-0.371227
-0.371227
-0.371227
-0.371227
-0.822369
-0.2113
-0.958909
0.53478
0.53478
-0.87953
1.02003
1.02003
1.02003
0.714879
0.714879
0.714879
-0.052032
-0.052032
0.0253624
1.11017
-0.88269
-0.88269
1.51083
1.40927
1.40927
1.40927
1.40927
1.40927
-1.07557
0.729008
0.54196
0.54196
0.54196
0.920755
0.993107
0.993107
-0.0576074
-0.638692
-0.638692
-0.638692
-1.06049
-1.06049
0.311948
0.311948
0.311948
-0.957895
-0.580636
0.520232
0.204369
0.204369
0.204369
-1.06134
-1.06134
0.365463
0.365463
-0.728853
-0.728853
-0.509534
-1.26444
0.608316
-0.896573
-0.821254
0.306573
-0.794657
0.727431
0.727431
0.727431
0.727431
0.727431
0.727431
0.204548
0.204548
0.111462
-0.162057
-0.591583
0.30473
0.30473
0.383557
0.0558201
0.0558201
-1.57144
-1.57144
-1.57144
-1.57144
-0.010702
0.886155
0.886155
0.886155
0.96587
1.2183
1.37256
-0.767789
0.0795235
0.0795235
0.701766
0.701766
0.701766
-0.784673
-0.784673
-0.951838
-0.297497
-0.297497
-0.297497
-0.297497
1.2952
-0.104076
0.179571
0.489915
0.465043
1.18294
-0.118826
-0.118826
0.894324
-0.173774
-0.173774
-0.173774
-0.173774
-0.173774
-1.3996
-1.2211
-0.585574
-0.627473
-0.627473
-0.627473
-0.627473
0.271924
0.902501
0.902501
0.902501
0.902501
0.902501
0.902501
0.902501
0.902501
-0.64705
0.701501
0.701501
0.23334
1.49921
1.22193
1.51306
-0.2907
-0.2907
-0.359814
-0.359814
-0.359814
0.294694
0.294694
0.294694
0.810444
0.810444
0.810444
0.810444
0.810444
-0.884102
-0.884102
-0.884102
-0.884102
-0.884102
0.843633
-0.427895
0.62157
1.07371
-0.65088
-0.65088
-0.65088
1.44793
1.19972
1.19972
-1.25691
0.0142025
-0.454041
-0.454041
0.244845
0.244845
0.244845
-0.0815613
-0.0815613
0.84874
0.361768
-0.776423
-0.776423
-0.776423
-0.776423
-0.776423
-0.66907
-1.04345
-0.552901
0.971531
0.971531
0.599279
1.64301
0.25926
-0.350008
-1.18167
-0.753433
-0.753433
-0.753433
0.438532
-0.417403
-0.417403
-0.417403
0.36831
0.3975
0.3975
0.3975
0.3975
0.3975
0.625475
0.824333
0.824333
0.471932
0.471932
0.471932
-1.41234
-1.13501
-1.13501
0.971305
-0.156663
-0.156663
-0.973398
-0.363007
1.2146
1.2146
-0.363757
0.132952
0.132952
0.132952
-0.69867
-1.31658
0.277689
0.277689
-1.03668
0.0758
0.0758
-1.05481
-0.226465
-0.264881
0.686541
0.891823
0.850627
0.866497
-0.696928
-0.58857
-0.493244
0.970747
0.587566
-0.144306
1.35449
0.675619
0.778648
0.778648
0.778648
1.42308
0.12205
-0.164443
0.441364
1.45032
0.396105
0.1581
0.1581
1.46541
1.46541
1.54976
0.343196
-1.17564
-1.17564
-1.17564
-1.17564
-1.17564
0.388396
0.388396
0.388396
1.48609
1.48609
1.48609
1.48609
-0.242087
0.320409
0.320409
-0.152674
0.531333
-1.09159
-1.09159
1.26518
1.26518
-0.469439
0.489281
0.489281
0.565918
1.66557
1.66557
1.07245
0.917978
1.38508
1.38508
-0.218409
-0.218409
-0.218409
-0.188455
-0.188455
1.0117
1.0117
1.14164
1.14164
-0.730102
-0.730102
-0.732236
-0.732236
1.52398
1.52398
1.52398
1.08159
1.08159
0.142736
-1.04808
-1.04808
0.636539
-0.951329
-0.951329
-0.951329
-0.567323
-0.567323
-0.54587
-0.0632444
-0.0632444
-1.65151
-1.65151
-1.52466
-0.768089
-0.768089
-1.45169
-1.45169
-0.663049
-0.663049
-0.977499
-0.977499
-0.977499
-0.977499
-0.977499
-0.977499
-0.864439
-0.864439
-0.864439
-0.00677164
-0.360253
-0.360253
-1.24903
-1.24903
-0.251615
-0.251615
-0.133755
0.955605
0.955605
0.955605
0.955605
0.599461
-0.530273
0.695394
-1.28833
-0.814028
-0.814028
-0.943428
-0.782285
-0.782285
-0.782285
-0.911575
0.0131572
0.610446
0.610446
0.610446
0.610446
-0.499932
1.09708
1.09708
1.09708
1.09708
0.564356
0.564356
0.564356
0.564356
0.564356
-0.77403
-0.77403
-0.77403
0.486765
0.424463
0.302912
-0.687299
-0.687299
-0.687299
-1.06449
-1.06449
0.534516
-1.152
0.211693
1.18689
1.18689
1.18689
1.18689
1.18689
0.694909
0.284236
0.0559362
1.17426
1.17426
1.17426
1.17426
-0.0251495
-0.0251495
-0.0251495
0.564495
0.564495
0.642463
0.642463
1.17452
1.18399
0.00230002
-1.19214
0.708141
0.708141
0.708141
0.708141
0.708141
-1.38896
-1.38896
-0.624425
-0.624425
-0.624425
-0.624425
-0.624425
-0.624425
0.324115
-0.110198
-0.110198
-0.110198
-0.110198
-0.110198
1.93121
1.02302
-1.431
-1.431
-1.431
0.92673
0.627763
-0.444369
0.610441
0.201582
-0.366722
-0.366722
-0.366722
0.233078
1.11591
0.102994
-0.655199
-0.655199
-0.655199
-0.897028
1.0224
-1.25019
0.902274
0.0568392
-0.546614
-1.38911
-1.02215
-1.02215
-0.423833
-0.423833
-0.423833
0.356415
0.93506
-0.255975
-0.255975
0.726272
0.726272
-0.263941
-1.05142
0.867895
-0.748075
-0.748075
-1.69993
-1.69993
-1.69993
-1.69993
-1.69993
-1.69993
0.11117
0.11117
0.11117
1.18873
-0.0498378
-0.0498378
-0.606949
-0.606949
-0.666721
-0.666721
-0.666721
-0.666721
0.185517
0.185517
0.423041
0.423041
0.423041
0.423041
0.423041
0.238762
-0.750715
-0.0219119
-0.0219119
-0.583765
-0.583765
-1.82079
-1.03193
0.684074
0.684074
-0.859775
-0.859775
-0.408909
-0.408909
1.1187
-0.25395
-0.25395
-0.25395
0.0474834
0.436814
-1.00477
0.801282
0.512629
1.596
1.596
-0.673713
-0.673713
-0.958623
-0.958623
0.924125
0.924125
-0.320972
0.686235
-0.531936
-0.531936
-0.531936
-0.531936
1.64938
1.64938
0.736177
1.03013
1.22234
1.22234
1.22234
1.22234
1.22234
1.41064
1.39368
1.39368
1.93949
1.93949
0.167847
0.167847
0.167847
0.167847
0.444301
0.444301
0.444301
-0.0549616
-0.0549616
-0.0549616
-0.0549616
-1.03552
0.696181
0.696181
0.696181
0.696181
0.696181
-1.33533
-1.33533
-1.33533
0.219047
0.219047
1.21103
1.21103
0.221208
0.221208
0.221208
0.440208
0.617597
-0.382822
-1.29013
0.749575
0.0342042
0.17097
-0.15304
-0.974699
-1.14717
-1.14717
0.911248
-0.225607
-0.225607
0.225182
-0.431503
-0.431503
0.301719
-0.334426
0.217518
-0.693364
-0.693364
1.25769
1.25769
1.25769
1.17898
1.5232
0.436794
0.436794
0.436794
0.568925
0.486626
0.54676
0.54676
0.54676
0.54676
-0.0139458
-0.0139458
0.620698
0.620698
0.620698
-1.32852
-1.4589
-1.4589
-1.77117
-1.77117
-1.77117
-1.70023
-1.70023
-1.70023
-1.70023
-0.856639
-0.856639
0.921621
0.921621
0.921621
0.0927155
-0.688667
1.239
0.350971
1.25738
-0.373569
0.34509
-1.89138
-1.89138
0.386144
0.386144
0.1006
0.1006
0.1006
0.1006
0.346606
0.346606
-0.438066
-0.438066
-0.523758
0.444917
0.444917
-0.423441
1.2995
0.668367
0.169561
-1.0852
1.34859
1.34859
1.39346
0.290919
0.290919
-0.927414
0.80185
-0.842589
-0.842589
-0.842589
0.267907
0.267907
0.267907
0.267907
0.267907
0.267907
1.1278
-0.424477
-0.191864
0.906344
0.906344
0.0554021
0.0554021
-0.512547
-1.27308
-0.552914
0.593541
-0.981155
0.868924
-1.33197
-1.33197
-1.33197
0.909243
0.909243
0.909243
-0.543361
-0.543361
-0.0312245
-1.18569
-1.18569
0.333951
0.333951
0.333951
0.80811
0.0442336
1.2177
1.12138
1.12138
1.12138
-1.28135
-1.28135
-1.28135
-0.315597
1.11562
-0.363755
-1.72451
-1.72451
-1.72451
-1.72451
-0.415021
-0.558766
0.999114
0.999114
0.791442
-0.814748
-0.814748
1.08438
1.08438
0.235979
1.08235
0.183618
0.183618
0.890264
0.890264
0.785321
1.17076
1.17076
1.17076
-0.265446
1.14945
-0.267467
-0.998404
-1.2076
-1.2076
-1.2076
1.04536
-0.905216
-0.905216
-0.380884
-0.380884
-1.31366
1.16104
1.16104
0.814158
0.814158
0.814158
-0.377231
0.916788
0.916788
1.22198
0.555797
-0.809916
1.09863
1.09863
1.09863
-1.27424
-0.429779
-0.429779
-0.993631
-0.993631
-0.993631
-0.993631
0.0316524
0.967404
0.967404
1.44697
-0.759453
0.921906
0.102249
-1.23057
0.664343
0.664343
0.664343
0.0995978
0.0995978
0.0995978
-1.12294
-0.75909
-0.75909
-0.75909
1.62316
0.987351
-0.0563786
-0.0563786
-0.0563786
-1.41601
-1.41601
0.199336
0.199336
0.878895
0.415094
0.415094
0.849664
0.849664
-0.200429
-0.200429
-0.200429
-1.43807
-0.21425
-0.21425
-0.21425
1.36696
1.8219
1.8219
-0.185108
1.11874
-0.546636
-1.14433
1.23827
-0.593976
1.41899
0.855825
-0.972495
-1.01213
-1.01213
-1.01213
0.848944
-1.05861
-1.05861
0.850527
0.392165
0.561342
-0.634116
-0.0343964
-0.501301
0.842278
-0.0923943
0.705081
0.705081
0.705081
1.00013
1.00013
1.00013
1.00013
-1.40573
-1.3425
-0.631128
-0.631128
-0.300581
0.12349
0.12349
1.05552
1.05552
-0.585991
-0.565323
-0.898243
-0.144084
-0.144084
-1.53198
-1.53198
-1.53198
-1.75939
-0.30683
-0.30683
1.59419
1.59419
0.990522
-0.799215
0.443784
0.443784
0.443784
0.443784
-1.05697
-1.05697
-0.10346
-1.25592
-1.25592
-1.25592
-1.25592
-1.25592
0.658142
0.658142
0.658142
0.182357
-0.914751
-0.914751
0.793468
0.793468
1.28467
-0.927821
-0.927821
-0.927821
0.429675
0.216875
0.216875
0.216875
0.216875
0.216875
0.531533
0.531533
-0.460479
-0.460479
-0.460479
1.37998
1.37998
0.602117
-0.423883
-0.423883
-0.423883
-0.933191
-0.933191
-0.933191
-0.933191
-0.72337
-0.640477
-0.640477
-0.253047
-0.253047
-0.253047
0.408015
-0.818747
-0.0556152
-0.0556152
0.999574
0.289773
0.289773
0.289773
0.943029
-0.746101
-0.746101
-0.746101
-0.407457
-0.407457
0.196154
1.08595
-0.00448163
0.107944
0.658873
0.658873
0.658873
0.658873
0.658873
-0.643428
-0.643428
0.335957
0.335957
0.974654
0.974654
0.974654
0.974654
0.017815
0.922794
0.384823
-1.09656
0.890765
0.890765
0.890765
-0.277092
-0.753278
0.154101
1.30893
1.30893
0.709006
0.709006
0.709006
0.709006
-0.605465
0.0503921
0.0503921
0.0503921
0.439546
0.439546
0.439546
0.439546
-0.73071
-0.73071
1.3941
1.3941
-0.641373
-1.12228
-1.12228
0.634935
-0.46599
0.337348
0.337348
-1.55697
0.543644
0.667389
0.667389
0.667389
-0.148827
-1.17022
0.377595
1.05605
1.40398
1.40398
-0.718269
-0.718269
-0.209692
0.715137
0.715137
0.733013
0.733013
0.857993
0.857993
0.857993
-0.6312
-0.6312
-0.6312
-0.6312
0.717319
0.611554
0.329515
0.329515
1.67039
1.67039
1.28713
1.28713
-1.21155
-1.18706
-1.6059
-0.460529
-0.460529
0.292328
0.292328
-1.02966
-1.02966
-0.680653
-0.680653
-0.680653
-0.680653
-0.680653
-0.680653
-0.680653
0.150864
-1.18279
-0.339277
0.614539
-0.323229
-1.01013
0.778791
-0.642323
-0.459985
-0.459985
0.0470929
0.0470929
0.0470929
0.0470929
1.28885
-0.594793
1.13669
-0.293037
-0.0487776
-1.04963
0.859621
0.859621
1.0649
0.171544
0.171544
0.171544
0.171544
0.533307
0.533307
-0.00951199
-0.00951199
-0.00951199
-0.00951199
-0.00951199
-1.76706
-0.161585
-0.161585
-0.161585
-0.618119
-1.16957
-1.16957
0.117815
-0.738012
-0.738012
0.511047
-0.151854
-0.151854
-0.151854
0.0463553
0.814057
0.814057
0.252939
-0.322878
-0.322878
0.556031
0.556031
1.93475
1.93475
0.533204
0.533204
1.24866
1.24866
1.24866
1.24866
1.24866
-0.312317
0.375945
0.375945
1.18045
1.18045
-0.652073
-0.652073
-0.964709
0.591456
0.150031
0.150031
-0.485752
-0.485752
-0.485752
-0.685658
0.015334
-0.471913
-0.360965
-1.37079
-1.37079
-1.23564
-1.37707
-1.37707
-0.364214
0.157887
-0.283076
-0.283076
-1.19498
-1.19498
-0.145306
0.116146
0.116146
0.116146
1.29002
1.29002
0.583621
0.279734
0.532421
-0.782559
0.176148
0.176148
0.176148
1.54425
-0.85199
-0.85199
-0.85199
0.708943
1.75839
1.75839
1.75839
1.75839
1.75839
1.75839
1.75839
-0.428503
-0.428503
1.83686
-0.473304
-0.473304
-0.607853
0.631513
0.380231
-1.06069
0.224736
0.948061
0.84365
0.84365
0.84365
1.02869
1.02869
1.02869
0.43826
-0.849694
-0.213152
-0.955264
-0.920949
-0.920949
0.791095
-0.874406
-0.874406
-0.0158468
-0.0158468
0.346963
-0.526016
0.636071
1.21712
1.21712
-0.751198
-0.751198
-0.159553
0.617118
-0.939266
-0.939266
-0.939266
-1.27414
1.14082
1.21997
-1.04601
1.20177
1.20177
1.20177
1.20177
-0.011667
-0.011667
-1.58885
-1.58885
-0.999113
-1.27662
-1.27662
-0.481779
0.360103
0.401944
0.401944
0.483943
0.294337
-0.520821
-0.520821
1.16563
1.16563
1.16563
1.16563
1.32128
0.802402
0.802402
0.937731
0.937731
-0.819422
-0.819422
0.776386
-1.31559
-1.31559
-0.877531
0.282326
0.282326
-1.27608
0.0295705
0.513229
0.817281
-0.5656
0.640792
-0.324907
0.125185
-0.154494
-0.154494
-0.154494
-0.154494
-0.853282
-0.853282
-0.853282
0.883641
-1.06592
0.98802
0.98802
0.98802
0.98802
0.98802
0.98802
0.836868
1.47629
-0.555732
-0.555732
-0.677122
-0.677122
-0.677122
0.580869
-0.232573
-0.232573
0.592786
0.592786
0.592786
-0.98115
-0.108864
-0.108864
-0.108864
-0.197621
0.27533
-0.704926
-0.704926
-0.704926
-0.740131
-0.740131
0.469075
0.392919
-1.13059
-0.735367
-0.735367
0.616194
0.616194
0.616194
0.616194
0.616194
0.616194
0.616194
0.616194
-0.735163
-0.735163
-0.735163
0.100759
1.22992
1.22992
0.667413
0.667413
0.667413
-0.735853
-0.735853
-0.735853
-0.735853
-0.735853
0.751585
0.751585
0.751585
0.751585
1.42193
1.42193
-0.199452
-1.7518
-0.796807
-0.733657
1.13265
1.13265
0.890426
0.890426
0.890426
1.1758
0.488609
0.315379
0.0438094
0.0438094
0.0438094
0.0438094
0.0438094
0.0438094
-0.190346
-0.33253
-0.33253
0.765894
0.765894
0.439886
0.189606
0.189606
-0.416488
-0.394333
1.8187
2.11897
2.11897
2.11897
1.10068
1.10068
0.939312
0.939312
0.649433
0.923501
0.923501
0.923501
0.923501
0.923501
-1.52678
-1.20224
-1.20224
-0.692831
-0.692831
-0.692831
0.487865
-0.105459
-0.912403
0.990112
1.33579
1.33579
1.33579
1.33579
1.36024
1.36024
1.36024
-0.388828
-1.08518
-1.08518
0.52453
0.52453
-0.0356187
-0.0356187
-0.412493
-0.412493
-0.412493
1.20916
1.20916
0.505423
1.11338
1.11338
1.11338
0.310571
-0.470542
-1.19065
-1.19065
-0.571181
0.448291
0.483949
-1.02862
-1.02862
-1.00324
-1.00324
-1.00324
-0.563733
0.602634
0.602634
0.842454
-0.0168293
0.637529
0.637529
1.28217
-1.1919
-1.1919
-0.2305
-0.2305
-0.2305
0.42133
-0.547094
-0.547094
0.00282804
0.00282804
1.1326
-0.768617
-0.768617
0.93392
0.484164
0.187671
0.187671
-0.810873
-1.44467
-1.44467
-1.44467
-1.1638
-0.28712
-0.28712
1.19441
1.19441
1.14855
1.47487
1.47487
1.47043
1.47043
1.47043
1.47043
1.29267
0.944227
0.944227
0.944227
0.944227
-0.165195
-1.15905
1.09286
0.189432
0.189432
0.189432
0.189432
0.189432
0.189432
0.189432
0.189432
0.189432
0.189432
0.403602
0.403602
0.821545
-0.961444
-0.961444
-0.961444
-0.961444
-1.38432
-1.38432
-1.38432
-0.690421
-0.690421
-0.690421
1.23326
1.23326
1.40109
1.68246
1.68246
1.60952
1.68068
1.68068
1.68068
0.895629
0.895629
-0.547905
0.946104
-0.280026
-0.882884
1.52038
0.144199
0.361768
0.361768
0.361768
-0.190127
0.319757
-0.573545
-0.573545
-0.573545
0.924759
0.924759
0.924759
0.924759
0.924759
0.924759
-0.932736
-0.932736
-0.932736
-0.932736
-0.932736
-0.932736
1.4366
0.85768
-1.01672
-1.01672
-0.0522447
1.81002
1.81002
1.81002
1.81002
0.10199
-1.37335
-1.37335
-1.57407
0.155761
0.155761
1.14189
1.14189
1.14189
-0.401155
-0.401155
-0.401155
-0.401155
-0.694658
-0.0463019
-0.0463019
-0.620535
-0.620535
-0.620535
1.86849
0.709091
0.709091
0.709091
0.709091
0.709091
-1.17846
-0.368924
-0.368924
1.13797
0.0368157
0.0368157
0.0368157
0.0368157
0.0368157
0.0368157
0.963272
-0.561688
-0.992233
-0.992233
-0.992233
-0.992233
-0.450976
-0.450976
-0.450976
-1.46132
-1.80442
0.4558
0.4558
0.4558
0.4558
0.4558
0.714372
0.714372
0.714372
0.714372
0.714372
0.714372
0.714372
0.714372
-1.23924
0.384846
0.384846
-0.962045
0.850347
0.850347
0.850347
1.23829
1.23829
-0.699366
-0.699366
0.0557587
-0.460338
-0.460338
-0.460338
0.611175
0.611175
1.3645
1.59941
1.20021
1.20021
0.339922
0.339922
0.339922
0.339922
0.339922
-0.452585
-0.799149
0.83151
0.83151
0.83151
1.29858
0.588107
-0.968468
0.66933
0.66933
0.66933
0.66933
-1.28247
-0.176166
-1.19837
-1.19837
-1.19837
0.361881
0.361881
-1.01761
-1.01761
0.0318775
-0.750489
-0.750489
-0.373708
-1.22965
-1.09989
0.917273
-0.963337
-0.963337
1.11965
-0.200158
-0.200158
0.370814
-0.0681988
-0.786407
-0.786407
-0.786407
0.404987
0.404987
-1.30357
-0.650834
0.32877
-0.227788
-2.01095
-1.4668
-0.143286
-0.275669
-1.24021
-1.16978
1.28329
-0.448397
-1.69776
-1.01237
-1.01237
0.36877
0.36877
0.36877
-1.28868
-1.79398
-1.79398
-1.79398
-1.22083
0.243286
0.243286
0.243286
-1.12
-1.12
0.0113334
-0.0233942
-0.9902
0.0780556
0.0780556
-1.02129
-1.02129
-1.02129
0.260629
0.924475
0.924475
0.924475
0.856541
-0.709203
1.29016
1.34584
1.34584
0.00739821
-0.14402
1.33955
-0.217839
1.46394
-0.103661
0.934636
0.871108
1.45631
1.45631
0.173288
0.173288
-0.265489
-1.57856
-1.57856
-1.57856
0.3455
-0.321689
1.03158
0.903241
1.1575
0.832306
0.137149
0.252167
-0.935435
-0.935435
0.159299
-1.31011
0.752994
0.752994
0.752994
-1.5324
-0.340149
-0.340149
1.025
0.432708
0.432708
0.432708
-0.736648
-0.736648
-0.736648
-0.736648
1.15666
-0.573574
-0.573574
-0.573574
0.0861876
-0.848229
-0.848229
-1.23985
-1.23985
-0.80768
-0.80768
-0.80768
-0.80768
-0.80768
-0.80768
-0.80768
-0.80768
1.01389
0.00399206
0.00399206
0.00399206
0.00399206
0.00399206
-0.314537
1.06142
1.06142
0.943857
0.943857
1.50226
0.723614
-0.715366
-0.715366
1.0315
-1.45658
-1.40297
-1.40297
0.0286523
-1.32007
-1.08009
-1.08009
-1.08009
-1.08009
-1.08009
-1.08009
-1.08009
0.921969
0.921969
0.921969
0.838594
0.838594
0.838594
0.838594
1.16413
1.12039
-1.25459
-1.25459
0.873481
0.101714
-1.43331
0.808331
-0.544155
1.16559
1.16559
-1.32456
-1.32456
-1.32456
-0.656869
-1.01596
-1.01596
0.893994
0.893994
0.893994
0.893994
0.107521
-0.790253
0.996758
0.996758
0.996758
0.996758
-0.672983
-1.50281
-1.50281
-1.50281
-1.66996
-0.806459
-1.58792
-1.68638
-0.515922
-0.349456
-0.349456
-0.349456
-0.349456
-0.349456
-0.349456
-1.10685
-0.60003
-0.60003
-0.60003
-0.910215
0.0437203
1.08037
-0.409842
-0.409842
1.03878
1.03758
1.03758
1.03758
1.03758
1.03758
1.03758
1.43629
0.159368
0.159368
0.159368
0.4998
0.690508
-0.920509
-0.203705
-0.203705
-0.203454
0.487327
-0.181122
0.157002
0.923197
0.923197
0.923197
-1.37626
-1.37626
-1.37626
-1.37626
-0.892185
0.693214
-0.916927
1.06827
1.06827
1.06827
1.06827
0.411932
0.0451635
0.0451635
0.0451635
0.0451635
1.49617
1.49617
1.49617
0.697073
-0.841509
-0.841509
1.00063
1.09511
-0.710535
-0.710535
-0.710535
-1.26244
0.293938
0.293938
0.396627
-0.785763
-0.785763
-0.785763
-0.881554
-0.881554
-0.247248
-0.475957
-0.475957
1.05455
0.84328
0.84328
0.84328
-0.0983045
-0.0983045
1.43446
-0.56743
-0.98528
-0.98528
-0.810994
-0.810994
-0.810994
-0.810994
1.19777
1.19777
0.0473692
0.0473692
1.10142
1.10142
1.10142
1.87173
0.953797
0.953797
-1.18705
-1.21885
-1.1218
-1.65551
-1.65551
-0.550453
0.874872
0.533025
0.533025
-0.965323
0.139859
0.0873967
0.0873967
0.0873967
0.0873967
0.0873967
-1.05974
0.775829
0.328728
-0.817044
-0.754678
-0.754678
-0.0572441
0.985531
-0.352355
0.136936
-0.208418
-1.28119
-1.28119
-0.123874
-0.123874
-0.123874
0.239295
-1.08
-1.08
-0.497971
-0.497971
-0.318874
-0.318874
-1.08573
-0.0190341
-0.0190341
0.727682
-1.0749
1.16449
1.16449
0.0159404
0.896774
-0.974283
-0.974283
-0.974283
-1.33229
-1.33229
-1.33229
-1.33229
-1.33229
0.436329
-1.52265
-1.52265
-1.52265
-1.52265
-0.883272
-0.0949887
-0.0949887
-0.775897
0.546784
-0.46639
-0.755525
-0.755525
-0.556365
-0.552494
-0.552494
-1.0365
-0.48149
1.20312
1.20312
-0.46123
0.755066
0.755066
0.755066
0.755066
1.39117
0.758411
0.758411
0.321276
-0.299552
-0.299552
0.244284
1.11284
1.78707
1.00593
-1.00597
-0.795398
-0.795398
-0.795398
-0.795398
-0.795398
0.933172
0.933172
0.28504
1.59302
1.3217
0.992909
1.08802
-0.903176
-0.285561
0.126873
0.126873
0.126873
0.126873
1.72454
-0.294563
0.0959266
0.927896
-1.24022
0.515856
0.552186
0.552186
0.552186
-0.250201
0.498378
1.02497
0.574515
1.61022
1.61022
1.61022
0.732563
0.732563
0.804925
0.804925
0.80463
0.80463
0.768582
0.218125
0.218125
1.11283
-0.826363
-0.95588
-0.95588
-0.95588
1.22882
1.22882
1.22882
1.22882
0.179417
0.179417
0.179417
-0.281726
-0.281726
-1.14443
-0.00492471
0.923174
-0.366889
0.0375665
0.0614284
0.621701
0.621701
0.621701
0.621701
0.621701
0.621701
0.621701
-0.812538
-0.812538
-0.812538
-1.42021
-1.27485
-1.27485
-1.75383
-1.71667
0.181752
-0.908361
-0.382085
-0.382085
-0.382085
0.736321
0.736321
0.834641
0.834641
1.13643
-0.25299
-1.05957
0.799187
0.799187
0.799187
-0.50405
-0.50405
1.09356
1.21677
-0.715133
-0.715133
-0.715133
-0.715133
0.862286
-1.00012
-1.00012
1.1097
1.1097
1.1097
1.1097
1.14162
1.14162
1.14162
1.14162
1.14162
1.14162
1.14162
0.644915
-0.624484
-0.624484
-0.624484
-1.18107
-0.626792
0.722327
0.722327
0.722327
-0.530158
-0.860169
-0.860169
-0.860169
0.348292
-0.795857
-0.795857
-0.795857
-0.795857
-0.795857
-0.484092
-0.484092
0.53738
-1.16366
-1.16366
-1.16366
-1.38859
0.407682
1.084
-0.353426
1.19882
-0.160013
-0.560988
0.739255
-0.708601
-0.708601
1.1141
-0.902742
-0.902742
-0.674257
-0.674257
-0.674257
0.892016
0.892016
-0.765844
-0.765844
0.591611
0.591611
0.591611
0.591611
0.591611
-0.477714
-1.37727
0.51727
0.51727
-0.898994
-0.898994
-0.898994
-0.898994
1.17526
0.772777
0.772777
0.772777
0.772777
0.772777
-0.82923
-0.82923
-0.82923
-0.82923
0.378087
0.378087
0.378087
0.378087
0.378087
-1.12412
-1.12412
0.993511
0.993511
-0.847348
-0.847348
-0.847348
0.543838
0.543838
0.543838
-0.890367
-0.890367
-0.890367
-0.890367
0.0521284
0.0521284
0.0521284
0.865606
0.865606
0.865606
0.865606
0.629472
0.629472
0.629472
0.236826
0.236826
0.236826
0.236826
0.236826
-1.41076
-1.41076
-1.41076
-0.31402
-0.31402
1.29928
0.277487
0.277487
0.277487
0.219166
1.75586
0.955993
0.955993
0.955993
0.955993
0.321506
1.03965
1.03965
0.792288
-0.357605
1.2738
0.917069
-0.784797
-0.917164
-0.917164
-0.917164
-0.820959
0.1612
-0.736924
-0.250389
-0.600453
0.242606
0.95778
0.95778
0.95778
0.95778
-1.21138
-1.21138
-0.0770981
-0.0770981
0.816056
0.637721
-0.924201
0.248116
0.248116
0.547554
-1.12484
-1.46978
-1.46978
-1.46978
-1.46978
-1.46978
-1.21554
-1.21554
-1.21554
1.2098
1.2098
-0.971197
-1.00454
-0.625056
-0.625056
-1.31847
-1.31847
-1.17392
-1.15431
-1.15431
0.143846
-1.33016
0.0581472
0.0581472
-0.222922
0.991316
0.572997
0.572997
0.572997
0.957909
-0.0983347
0.833102
0.751541
1.2112
1.2112
0.545072
0.545072
-1.02004
1.35902
1.35902
-0.621083
-0.621083
-0.621083
-0.621083
-0.621083
-0.621083
0.605038
0.919823
0.855802
0.855802
0.855802
0.855802
0.855802
0.855802
1.05122
0.605238
0.605238
0.81373
0.81373
-1.0086
0.481717
0.481717
0.481717
0.481717
-0.85062
0.843091
0.843091
1.70566
1.42902
1.42902
1.42902
1.42902
1.42902
1.42902
1.34262
1.34262
-0.764407
0.521562
-0.268132
-0.268132
-0.268132
-1.47802
-1.47802
-1.47802
0.836632
-0.175882
-0.175882
-0.512622
-0.512622
-0.512622
-0.512622
-0.512622
-0.512622
-0.512622
0.776091
1.78559
1.78559
-0.442296
-0.442296
1.2757
1.2757
1.2757
1.2757
1.2757
-0.726629
-1.99261
0.0204174
0.0204174
-0.99529
0.374612
0.653448
0.653448
0.653448
-1.31029
-0.9191
0.260571
0.526703
0.526703
0.460527
0.774801
-0.834813
0.603956
0.685913
0.815075
0.171238
-0.140546
-0.140546
0.250181
-0.23414
0.332051
0.332051
-1.89354
-0.504776
-0.331534
-0.331534
0.449806
0.655258
-0.894549
-0.4293
-0.480772
-0.480772
-0.480772
-0.899852
0.923522
0.923522
-0.145297
0.181173
-0.00621524
-0.427165
-0.427165
-1.48916
-1.48916
0.51877
0.481247
0.481247
0.565835
0.108858
-0.877192
0.225044
0.238295
0.920445
0.749737
-0.238561
2.15693
0.0500565
-1.35228
-1.35228
-1.01839
-0.342054
-0.0455566
-0.0455566
-0.0455566
-0.0455566
-0.0455566
0.336787
1.17587
-1.31471
0.386434
-1.18216
0.677406
1.07588
1.07588
1.59142
1.01182
-0.893071
-0.893071
-0.482298
-0.482298
-0.482298
1.31326
0.372841
0.372841
0.179046
1.05285
-0.789076
-0.789076
1.12462
1.12462
-0.239722
-0.239722
-1.5617
-0.779653
-0.195308
-0.195308
-0.195308
0.581974
-0.403952
-0.403952
-0.273622
0.912262
-1.16797
-2.01401
0.0640849
0.0640849
0.0640849
0.0640849
0.0640849
0.809886
0.809886
0.980659
0.980659
0.980659
0.980659
0.00273648
0.00273648
2.07041
2.07041
2.06983
0.522248
0.522248
0.522248
0.522248
-0.448994
-0.230831
1.19802
1.19802
1.19802
1.19802
-0.463032
-0.0789104
-1.66166
-1.66166
-1.65056
-1.65056
0.109313
0.109313
-1.04585
-1.04585
0.908156
-0.633529
-0.633529
0.909932
1.47817
1.47817
0.592411
0.592411
0.592411
0.421187
0.421187
0.421187
0.421187
0.763755
0.191484
0.191484
0.191484
-1.45635
-1.45635
-0.611053
-0.611053
1.28336
0.0924336
0.0924336
-0.190007
-1.32054
0.871829
0.871829
0.871829
-1.44493
-1.18758
-1.18758
-1.18758
0.366679
-0.156535
-0.772424
-0.829796
-0.614506
-0.186072
-0.186072
-0.186072
-0.560377
0.232377
0.232377
0.232377
0.232377
0.232377
0.232377
0.232377
0.232377
-0.266011
1.93239
0.056058
-0.645806
-0.645806
-1.46938
-1.46938
-1.07976
-1.07976
1.17515
-0.640411
-0.640411
-0.329244
-0.329244
-0.329244
-0.329244
-0.329244
-0.329244
-0.276967
0.162097
-1.23146
-0.301436
-0.741712
-0.901005
-0.676243
-0.676243
0.821268
-0.536015
0.678637
0.678637
0.678637
-0.577743
0.292123
0.292123
1.13732
0.979401
-1.04344
-1.04344
0.34044
0.35802
1.18684
1.15165
1.32669
1.32669
1.32669
1.32669
1.32669
-1.14628
0.0292671
1.22304
1.22304
0.580824
-0.185543
-0.185543
1.50121
-0.598795
0.243128
0.243128
0.223941
-0.676122
-0.676122
-0.676122
-0.676122
-1.04709
-1.04709
0.042667
-0.202359
-0.202359
-0.202359
1.49607
0.425933
-0.316955
0.134866
1.62981
1.62981
1.62981
0.0187629
0.344661
0.344661
-1.56765
-1.56765
-1.56765
0.840788
0.840788
0.840788
0.840788
0.840788
0.840788
0.840788
0.840788
0.840788
0.840788
0.840788
0.840788
0.840788
0.632621
0.632621
0.632621
-0.0900522
-0.0900522
1.22413
1.22413
-1.13766
-1.13766
1.33626
-0.942138
-0.506988
-0.506988
-0.162907
0.932407
0.932407
0.912753
1.20931
0.295925
0.295925
0.896423
0.896423
0.896423
-0.0467671
-0.0467671
-0.823339
-0.823339
-0.823339
-0.823339
-1.62424
-0.914716
-0.914716
0.818787
-0.269405
0.95936
0.95936
0.961997
0.15073
-1.48361
-0.507486
1.21462
1.21462
1.21462
1.21462
-0.422423
-0.422423
0.942653
-0.81695
-0.860239
0.319791
-1.9699
-1.9699
-0.640425
1.41631
1.41631
-0.890836
-0.890836
0.49366
0.49366
0.252336
0.252336
1.23707
-0.997871
-0.997871
1.31876
1.31876
1.12085
-0.439809
0.11918
0.11918
0.11918
-0.641704
-0.641704
-0.641704
-0.947844
-0.947844
-0.648263
-0.648263
-0.648263
-0.648263
-0.269457
-1.19014
-1.19014
0.0478966
-0.868476
-1.00602
-1.00602
0.132611
0.132611
0.132611
0.0404169
0.929589
0.743573
0.119807
-0.414171
-0.414171
0.27915
0.872027
1.04518
1.04518
1.04518
-0.529431
1.16674
1.16674
1.16674
-0.947743
0.966628
-1.30299
-1.30299
1.12784
-0.390278
-0.390278
-0.390278
-0.390278
-0.390278
0.62215
-0.8945
-0.8945
-0.256424
-0.822504
-0.822504
-0.822504
0.900958
0.900958
0.900958
0.900958
0.900958
0.154203
0.734029
0.734029
-0.45901
-0.45901
-1.5062
0.401643
1.1362
0.516773
0.516773
0.516773
0.516773
0.516773
1.17063
1.37991
-0.908395
-0.908395
0.402532
0.402532
-0.182523
-0.182523
0.322893
0.322893
0.322893
1.27536
0.144883
0.144883
0.144883
0.144883
0.450072
0.450072
0.450072
0.450072
0.889628
-0.142458
1.47643
-0.686419
-0.686419
-0.686419
-0.686419
-0.81945
0.664687
0.664687
0.664687
0.664687
0.664687
0.664687
0.664687
0.664687
0.311512
0.803608
0.803608
0.56002
-0.697267
-0.697267
-0.697267
-0.697267
-0.697267
-0.697267
-0.832227
-1.3579
-0.114261
-0.114261
-0.745621
0.126708
0.126708
0.126708
0.0291656
0.0291656
-1.51598
-1.51598
-1.51598
-1.51598
-1.51598
-1.51598
-0.290958
0.695052
-0.04092
-0.04092
-0.04092
0.0872932
0.398968
1.13004
1.13004
0.499929
0.499929
0.499929
0.499929
-0.722964
-0.722964
-0.722964
-0.722964
-0.760874
-0.0350253
-0.973394
-0.973394
-1.11743
0.717303
1.16422
0.769003
0.769003
0.769003
0.769003
0.739265
-0.554243
-1.14476
-1.14476
-1.14476
0.716076
0.568342
0.353487
0.74679
0.74679
-1.6289
-0.425655
-0.776559
-0.776559
-0.776559
-0.776559
-0.776559
-0.776559
0.313854
0.229862
0.229862
0.048291
-0.401892
-0.401892
1.52311
1.52311
0.957232
0.957232
-0.645175
-0.0200902
-0.0200902
-0.0200902
0.598403
0.598403
0.598403
0.598403
-0.335176
-0.335176
-0.955381
1.0833
1.0833
1.0833
-0.437752
-0.437752
-0.437752
0.689852
0.913265
0.913265
-0.347316
0.28813
1.02339
1.02339
-1.00843
-1.03737
-1.03737
-1.03737
-1.03737
-1.03737
-1.03737
0.520237
-0.689653
0.528722
0.528722
0.445482
0.762945
1.38108
0.0302423
-0.517088
1.16061
-0.340128
-0.943637
-0.164714
0.465599
0.465599
0.465599
0.465599
0.465599
-0.8151
-0.8151
-0.8151
1.59697
0.210878
0.210878
-1.10399
-1.00665
-0.577009
0.655244
-0.850764
-0.850764
-0.850764
-0.850764
0.826572
0.826572
-1.18801
1.0203
-0.855025
-0.855025
1.27807
-0.982575
-0.805117
-0.805117
-0.991465
-0.991465
-0.991465
-0.991465
-0.991465
0.391127
0.391127
0.391127
0.143424
0.143424
0.143424
0.143424
-0.0180058
-0.0180058
1.29429
1.29429
1.11717
1.08876
1.08876
-0.260571
-0.260571
-0.260571
0.980476
-0.163696
-1.33378
-0.89769
-0.89769
-0.67564
-0.67564
-0.67564
-0.156765
1.50049
1.42362
-0.551325
-0.551325
1.35607
1.35607
1.35607
1.35607
-0.427771
1.03721
1.03721
0.0524076
0.0524076
-0.586508
-0.921887
-0.921887
-1.09709
-1.09709
-1.09709
-1.07581
-1.07581
-1.07581
-1.07581
-0.800175
-0.800175
-0.800175
-0.936413
-0.936413
-0.936413
-0.936413
-0.936413
-0.936413
-0.936413
-0.936413
-0.936413
1.16153
1.44452
1.37059
1.37059
-0.664203
1.19191
1.19191
1.19191
1.19191
0.453163
1.69958
1.69958
1.69958
1.49466
-0.278199
0.659699
-0.585056
-0.585056
-0.808857
-1.47926
-1.47926
-0.581226
-0.581226
0.623323
-1.14388
-1.14388
1.11366
-1.367
1.00596
1.00596
1.00596
-1.0803
0.812667
0.812667
0.206722
-0.127381
-1.08335
-1.0949
-1.0949
0.776193
-0.0570066
-1.17196
-1.17196
-1.75891
-1.75891
-1.65574
-0.893632
-0.893632
-0.893632
-0.788687
0.101348
0.101348
-0.981461
-0.0229526
-0.0229526
-0.0229526
0.526874
-0.963339
-1.02785
-1.12813
0.215431
-1.05579
-1.05579
0.698305
-1.08211
-1.08211
-0.526302
-0.526302
0.226413
0.896262
0.896262
-0.0396845
-0.440383
-0.440383
-0.191673
1.0334
0.756848
0.973421
1.35459
1.17593
-0.576097
-0.576097
-0.576097
-0.576097
-0.808402
-0.808402
-0.808402
0.789542
0.592377
0.592377
0.384758
1.0736
0.858307
0.858307
-1.16955
-1.16955
-1.16955
-0.511193
-0.511193
-0.511193
-0.668072
0.178714
0.343139
-0.951219
-0.143822
-1.30829
-1.30829
-1.45635
-1.45635
-1.45635
1.02433
1.02433
-0.426468
-0.853416
-0.853416
1.07274
1.07274
0.101261
-0.335939
1.12534
-0.479188
-0.479188
-0.479188
-1.85872
0.245146
-1.01829
0.295266
-1.41885
-1.41885
-1.41885
0.606173
1.31725
-1.03926
-1.03926
-1.03926
0.443492
0.443492
0.443492
0.443492
0.443492
0.244016
-0.325385
-0.683652
0.585402
0.68423
-0.524642
-0.524642
-0.524642
1.35045
-0.627967
0.338195
1.0188
-0.261576
-0.261576
0.582849
0.582849
0.582849
0.749555
0.650051
0.74216
-0.371477
-0.425522
0.236952
0.236952
0.236952
0.236952
-0.702301
0.201086
-1.15728
-0.34195
0.579302
0.579302
1.52285
-0.128598
-0.128598
-0.128598
-0.128598
-0.128598
-0.128598
-0.408221
-0.408221
0.14265
0.838029
0.20571
0.191695
0.166981
0.166981
-0.720719
-0.720719
1.3415
0.0868475
0.0868475
0.0868475
0.0868475
0.0868475
-1.17145
-1.17145
-1.17145
-0.249069
-0.521288
0.786517
0.786517
0.786517
0.786517
0.786517
0.786517
0.786517
0.786517
0.786517
0.786517
0.65437
-1.69194
0.273701
0.273701
0.273701
0.273701
-0.0392593
1.15057
0.14911
0.14911
1.25464
1.46422
-0.944979
-0.143794
-0.143794
-0.873716
-1.40361
-1.40361
-0.810675
-0.810675
0.081249
0.081249
0.081249
0.081249
0.081249
0.25354
0.25354
0.25354
0.786145
-1.16732
-1.16732
-1.16732
-0.322258
-1.34272
-0.51441
0.868539
1.17073
1.17073
1.06103
1.06103
1.06103
1.06103
1.06103
-0.715567
0.106737
0.827207
0.827207
0.827207
0.727161
0.427693
-0.385727
-0.984107
-1.02592
-0.423204
1.51178
-0.286059
-0.286059
-1.08481
0.533487
0.533487
-1.11601
-1.11601
-1.69282
-1.69282
-1.69282
0.110066
-1.4672
-1.4672
-0.612095
-0.612095
-0.374061
-0.374061
-0.203715
-0.203715
-1.03803
-1.03803
0.200057
-1.52879
0.526484
0.526484
0.526484
0.526484
0.526484
0.526484
0.526484
0.879633
0.545605
0.545605
-0.0478188
-0.0478188
-0.0478188
-0.0478188
-0.0478188
-1.27142
0.455718
0.455718
-0.041534
-0.041534
-0.041534
-0.823463
-0.823463
-0.823463
-0.14444
0.61608
1.38955
1.38955
-0.145918
1.37007
-0.359824
0.975068
0.975068
0.443508
0.019694
0.019694
-1.03348
-0.141349
-0.825784
-0.825784
-0.825784
-0.825784
-0.825784
0.451337
0.451337
0.451337
0.451337
-0.353784
-0.353784
-0.353784
1.14641
1.29888
-0.256298
-0.256298
-0.20901
0.66316
1.23948
-0.718143
-0.969903
-0.969903
-0.539253
-0.539253
-0.506426
-0.920695
-0.920695
-0.385323
-1.61971
-1.76397
-1.76397
0.166428
0.504272
-0.64741
-0.64741
-0.64741
-0.64741
-0.64741
-0.64741
-0.64741
1.12951
-0.396816
-0.396816
-0.396816
-1.30882
-1.30882
0.991504
-0.0685967
1.12461
1.06949
-0.951682
-0.951682
1.28333
1.28333
-0.428093
-0.657143
-0.657143
0.876434
-1.03944
-1.03944
0.445842
0.445842
-0.0863008
-0.0863008
0.835399
0.835399
0.835399
0.835399
-1.36502
-1.20615
0.914757
0.00154662
0.00154662
-0.240206
-0.407119
-0.279458
-0.279458
0.139272
-0.604738
-0.604738
-0.604738
-1.49693
-1.60377
-1.2192
-1.2192
-1.2192
0.303243
0.131623
-0.603012
-0.603012
-0.603012
1.23445
1.23445
-0.823307
0.980476
0.980476
1.16954
0.330849
-1.54953
0.0813111
-1.35807
-1.35807
-1.35807
-0.232692
0.789824
0.789824
0.789824
-1.27176
-1.27176
0.627155
-0.364805
-0.216857
-0.749849
-0.0752431
-0.0752431
2.06513
0.134672
0.134672
-1.28212
-0.489536
0.251938
0.311782
-0.885389
-0.885389
-0.716283
-0.716283
-0.716283
-0.716283
1.42818
1.42818
0.751288
-0.177936
-0.177936
-0.568426
0.70722
-0.276194
-0.0552261
0.620331
-1.55171
0.544507
-1.61004
-1.61004
-1.14464
-1.14464
-1.21297
-1.21297
-0.415409
-0.415409
-0.359231
-0.257665
-0.257665
-0.257665
-0.257665
-0.257665
-0.53893
-0.377675
-0.0316551
-1.08993
-1.08993
-1.21849
-1.21849
-0.871333
-0.856245
-0.856245
-0.856245
1.44038
-0.921285
1.29279
0.282393
-0.15789
-0.15789
-0.15789
-0.15789
-0.15789
0.107724
-0.856536
1.32174
1.32174
-0.541354
-0.541354
-0.541354
-0.588788
-0.855278
-0.855278
0.352297
0.352297
0.352297
-0.660534
0.167694
0.143353
0.488508
0.488508
0.488508
0.488508
0.488508
-0.217458
1.0813
1.2226
0.207475
-0.336325
0.955433
0.955433
0.420535
0.420535
0.420535
0.420535
0.420535
-1.30539
-1.30539
0.2596
-0.226474
0.129243
1.01397
0.0468454
-0.070049
-0.070049
0.751883
0.751883
0.751883
0.213347
0.100046
0.715088
0.50751
-0.598759
-0.598759
-0.623883
-0.623883
-0.406415
-0.0398626
-0.0398626
-0.0398626
-0.0398626
-0.0398626
-0.0398626
-0.257977
-0.257977
-0.257977
0.717596
-0.570543
1.46571
-0.646285
0.472897
0.472897
-0.887467
-0.887467
-0.887467
0.188216
0.188216
0.188216
0.188216
0.188216
-1.42932
-1.42932
-0.0390552
-0.0390552
1.25806
-0.861023
-0.907344
0.428669
0.428669
-1.33591
-1.33591
-1.33591
-1.33591
-1.33591
-1.33591
-1.33591
-1.54495
-0.162152
-0.162152
-0.162152
0.857135
0.857135
0.857135
-0.953112
-0.953112
-0.364253
-1.14759
-1.33718
-0.967971
-0.992699
-0.992699
-0.992699
0.218449
0.218449
0.218449
-0.3241
-0.82331
-0.82331
-0.82331
-0.752161
-0.752161
-0.513263
-0.513263
-0.513263
1.19431
0.0440967
0.0440967
0.0440967
-0.354894
-1.10071
-1.10071
0.765256
0.765256
-0.12004
0.964799
-0.663363
-0.945178
0.877403
-0.399027
-0.517603
1.12451
-0.305691
0.755876
0.755876
0.380967
0.380967
1.97609
1.40403
0.70621
0.70621
0.70621
0.70621
1.48083
-0.563557
-0.573114
-0.573114
0.782711
0.332557
-0.146635
-0.951961
-0.951961
-0.951961
-0.140519
-0.140519
-1.4755
-1.22926
-1.22926
1.15963
1.15963
1.15963
1.15963
-1.25576
-1.32714
-1.32714
0.508498
0.829864
0.829864
1.46493
1.46493
0.141321
-0.451349
0.893178
-0.324959
-0.324959
1.60711
1.60711
1.60711
1.5682
0.228295
0.228295
0.228295
-1.04754
-0.183577
-0.183577
-0.611986
-0.909619
-0.909619
-1.07499
-1.07499
-1.07499
-1.07499
-1.07499
1.34773
1.34773
1.29932
1.29932
0.628687
0.628687
-0.0848836
-0.222626
-0.222626
2.01023
-0.189075
-0.25592
-1.14111
1.12577
1.12577
-0.614298
-0.614298
-0.68494
-1.28009
0.0155689
0.0155689
0.0155689
0.0155689
0.0155689
0.572573
0.572573
0.928724
0.928724
0.928724
-0.323724
-0.323724
-0.323724
0.917619
-0.871545
-0.439467
0.941212
-1.10969
-1.10969
0.539717
0.539717
1.27716
-0.252672
-0.252672
-0.252672
0.168738
-0.389885
-0.165599
-0.756292
-0.756292
-0.756292
-0.756292
-1.02153
-1.02153
1.2537
0.789874
0.119512
0.909566
0.909566
0.909566
0.376269
0.679404
-0.879495
0.314436
0.515446
0.515446
1.11563
1.11563
1.11563
1.11563
1.11563
1.35217
-0.118829
-0.270695
-0.270695
0.874779
-0.10933
-0.801957
-1.37114
0.451224
0.451224
0.451224
-0.156874
0.445873
-0.045741
-0.866959
-1.70978
-1.70978
-1.15429
0.284938
1.16098
-0.665085
-1.00479
-1.00479
0.518808
-0.435988
-0.435988
-1.62024
0.0102723
0.4847
-0.469706
-1.14412
-0.255855
-1.11401
-1.11401
0.48325
-0.523902
0.679437
0.679437
0.679437
0.642133
0.642133
1.37267
1.37267
1.37267
1.37267
0.990488
0.990488
0.990488
0.990488
0.632122
-0.696959
-0.696959
-0.696959
-1.22888
-1.15805
-0.797803
-0.797803
-0.467708
-0.977028
-0.977028
-0.00410187
-0.00410187
-0.745468
-0.68271
-0.68271
0.263672
-1.27149
-1.27149
-1.27149
-1.15206
-0.038679
-0.514463
-0.514463
0.390614
0.0634119
1.4031
1.4031
1.4031
1.4031
1.23361
0.502988
0.502988
-1.24044
-1.24044
-0.697273
-0.697273
0.89253
-0.955462
-0.955462
1.15001
1.15001
0.432403
0.432403
0.432403
0.432403
1.02265
0.37773
-0.308851
-0.308851
-0.308851
0.461166
0.461166
-0.567446
1.00423
1.17616
-0.838878
1.22202
1.22202
1.22202
0.114771
0.114771
0.114771
0.706921
-0.395841
-0.395841
-0.395841
0.012621
0.012621
0.012621
0.941506
0.992232
-1.37534
-0.35746
-0.35746
0.80743
-0.269503
0.791819
0.791819
-0.267129
-0.420418
-0.0318095
0.637259
0.637259
0.637259
0.637259
0.031299
-0.416136
-0.416136
-1.26303
-1.26303
0.46488
0.46488
-0.771857
-0.771857
-0.771857
-0.771857
-1.59373
-1.59373
-0.487495
-0.487495
0.255557
0.255557
1.1577
-0.253969
-0.253969
-0.253969
-0.253969
0.559406
0.559406
-0.597836
-0.597836
-0.597836
-0.352051
1.13134
-1.12005
-0.254489
-0.142537
-0.142537
1.51617
1.51617
0.0393644
0.0393644
1.06825
-1.16004
-1.16004
-1.16004
0.345153
1.94336
0.943197
-0.556706
-0.556706
0.881755
-1.28924
-1.28924
-1.28924
-1.12455
0.27195
-0.403498
0.394853
0.261418
0.261418
1.0303
-1.19033
-1.19033
0.970218
0.970218
0.970218
0.970218
0.321466
0.321466
0.731184
0.731184
0.731184
-0.576858
-0.576858
-0.122536
-0.122536
0.210152
-0.996096
1.00854
1.00854
-1.109
-0.699518
1.16831
1.16831
-1.0194
-1.0194
1.08193
-0.931839
-0.344713
-0.344713
1.45157
1.45157
1.45157
1.45157
1.45157
1.45157
0.582678
-1.17465
-1.17465
-1.17465
-0.755531
-0.755531
0.0740865
0.0740865
0.0740865
0.187689
0.829902
0.586712
0.586712
-0.00710781
-0.772295
-0.772295
-0.191544
-0.191544
0.479922
-0.372084
0.951939
0.969016
-0.616772
-0.978275
-0.978275
-0.126003
1.37336
1.30448
0.465897
0.465897
1.08664
-0.972271
-0.327035
-0.327035
-0.948431
-0.447312
-0.447312
-0.944805
-0.848004
-0.334433
-1.22564
0.482632
0.482632
1.91495
1.34976
0.571451
0.571451
-0.803963
-0.803963
-0.803963
-0.803963
-0.803963
-0.803963
-1.55646
-1.55646
-1.55646
-1.55646
0.528038
0.528038
0.648861
0.648861
-1.30235
-1.30235
-1.30235
-1.30235
-1.30235
0.827914
0.827914
0.827914
-1.49743
-1.49743
-1.57238
-1.57238
-1.57238
-1.07574
-1.07574
0.17613
-1.04518
-1.51498
0.0938944
0.977217
0.977217
0.446171
0.446171
0.446171
0.446171
0.311936
1.05683
1.05683
1.05683
1.05683
-0.614332
0.912099
-0.996381
-0.996381
-0.996381
-0.996381
-0.996381
-0.996381
-0.516978
0.864057
0.864057
1.20018
1.20018
-0.0537075
-0.0537075
-0.0537075
0.905564
-0.196099
0.401165
0.401165
0.411081
-1.13939
-0.628175
-0.825507
-0.825507
-0.836185
-0.836185
-0.836185
0.815753
0.187857
0.187857
0.187857
0.381141
-0.727258
0.341154
0.341154
-0.73145
0.562279
0.562279
-1.37532
0.625342
0.625342
-0.558649
1.12383
1.12383
1.12383
1.40658
-0.674915
0.478027
0.478027
-0.360681
-0.360681
-0.580256
-0.580256
-1.27178
-1.27178
-1.27178
1.152
1.152
1.152
1.152
1.152
-0.158224
-0.158224
-0.158224
-0.158224
-0.60408
-0.899915
-0.899915
-0.899915
-0.899915
-1.19372
-0.159468
-0.159468
-0.572879
-0.939717
1.20907
-0.316027
0.582173
1.56793
0.330406
1.04121
1.04121
1.04121
1.04121
0.0014693
0.0014693
0.0372028
-0.902657
0.33246
-0.486031
-0.260098
-0.303261
0.227179
0.227179
-0.415135
-0.415135
-0.415135
0.779509
0.779509
0.779509
0.527582
1.58631
1.58631
0.74694
-0.580453
0.536197
0.536197
-1.26179
0.89685
0.89685
-1.07371
-1.20484
0.625171
0.625171
0.625171
-0.635701
-0.635701
-0.635701
1.27054
1.27054
1.09856
1.09856
1.09856
1.03289
1.03289
-1.07877
-1.07877
-1.07877
-1.07877
0.845568
-0.318763
1.25953
-0.859738
-0.45996
-0.45996
-0.45996
-0.521713
-1.21172
-1.21172
-1.21172
-0.267245
-1.47931
-0.368548
-0.368548
-0.368548
-0.368548
-1.15826
-0.132827
1.06679
1.06679
-0.977562
-0.977562
-0.492067
1.05434
-0.507811
-0.507811
0.961524
0.961524
0.961524
0.961524
0.961524
0.961524
-0.000190137
1.11713
1.11713
-0.389357
1.11716
0.492336
-1.12099
-1.12099
0.962342
0.946053
-1.13223
-1.13223
0.780917
0.780917
0.780917
0.780917
1.04891
1.04891
1.04891
1.04891
1.04891
0.421777
0.704222
0.704222
0.704222
1.41342
0.132774
0.188854
-1.07868
-0.0941617
-0.0941617
-0.0941617
1.15561
0.581101
-1.05599
-1.52356
-1.52356
-1.52356
-1.52356
-0.950554
0.664082
0.664082
0.664082
1.03725
1.03725
1.03725
0.429791
0.429791
0.429791
0.507703
-1.25079
0.640222
-0.598565
-0.598565
-0.471958
1.92071
-0.153772
-1.03856
-1.21722
1.18148
0.431312
1.16869
1.16869
1.16869
-0.535995
-1.19035
0.685186
0.563028
0.534323
1.16707
0.15154
0.506189
0.27062
0.811287
-0.524513
-0.524513
-0.524513
-0.524513
0.341026
0.341026
0.341026
0.435
0.435
0.435
1.07734
1.07734
-1.3323
-0.979612
-0.979612
-1.29387
-1.29387
-1.29387
-1.29387
-0.422008
1.01477
1.01477
1.44013
1.44013
1.10519
1.10519
-0.217185
-0.217185
-0.217185
-0.217185
-0.252959
-0.633008
-0.633008
-0.759432
-0.759432
0.342633
0.983795
0.983795
-0.377727
-0.377727
0.979562
-0.363373
0.108515
1.54168
-0.449824
-0.717242
-0.717242
-0.872884
-0.872884
-0.872884
0.502623
0.502623
0.90921
-0.576568
-0.844929
1.12957
1.12957
-1.25193
-1.25193
0.54318
0.54318
-1.26798
0.666755
0.331291
-1.22493
1.09372
-0.839425
-0.681323
-0.0894029
-0.489499
-0.489499
-0.0861268
-0.0861268
1.15465
1.52482
1.52482
0.914455
-0.873771
-0.873771
-1.02135
-1.02135
0.420213
0.420213
0.420213
0.420213
0.420213
0.420213
0.420213
0.695543
-0.536252
-0.536252
-1.02211
-0.3131
0.321709
0.60508
0.60508
0.60508
-1.16846
-1.16846
0.00401852
-0.534742
-0.705775
-0.142284
0.616536
-0.160469
-0.160469
1.19612
1.19612
1.13399
1.22524
-0.142827
-0.142827
1.23013
1.23013
1.23013
1.23013
1.23013
-1.14779
-0.246204
1.49736
1.51434
-0.404406
1.16708
1.16708
1.16708
1.16708
1.3085
-0.540595
-0.540595
0.290468
-1.12057
-1.12057
-1.12057
-1.67563
-1.67563
-1.67563
-1.67563
-1.32878
-1.32878
0.347926
-1.30148
-0.38761
-0.443831
-0.927958
-0.927958
0.230207
-0.85011
-0.85011
0.34875
-0.66822
1.25107
0.845186
0.845186
-0.459683
-0.459683
-0.459683
0.557
-0.93136
-0.93136
0.358186
-0.403601
-1.10297
-1.10297
0.692753
0.518513
0.518513
-0.0885098
-1.14952
-1.14952
-0.735651
0.703113
0.703113
0.703113
0.0533777
-1.28141
-0.411456
-0.411456
-0.411456
-0.0012045
-0.0012045
-0.749185
-0.749185
0.790569
-0.69649
0.865702
-0.593538
1.04479
1.04479
1.04479
-1.27578
-0.712373
-0.712373
-0.712373
-1.18556
-1.18556
0.70824
0.70824
0.70824
0.417826
0.586994
1.19574
1.19574
-1.10837
-1.10837
0.946841
-0.555626
-0.555626
0.241905
0.241905
-1.25467
-0.580914
-0.580914
-0.580914
0.789956
0.789956
0.789956
0.789956
-0.117389
-0.117389
0.458084
0.458084
0.458084
0.209915
0.774578
-0.105198
-0.105198
-0.105198
-1.52521
-0.309328
1.28133
1.28133
-1.08068
-0.0619901
1.13623
1.25631
1.56743
1.56743
1.56743
1.56743
1.56743
1.56743
0.606897
0.606897
0.606897
0.606897
1.20616
1.20616
1.20616
1.20616
1.20818
1.20818
1.20818
1.20818
-1.17757
-1.17757
0.336824
0.336824
-1.29536
-1.29536
-0.00280149
-1.2035
-0.0524213
-0.0524213
-0.130493
-0.130493
-0.130493
-0.237266
-1.28255
-1.28255
-0.527744
-0.527744
-0.527744
1.07936
1.07936
1.15441
0.9332
-0.360229
-0.360229
0.990702
0.493497
-0.264323
0.151154
0.151154
-1.07448
-0.776867
0.938495
1.08171
1.08171
1.08171
0.331088
1.23809
1.23809
0.337389
0.337389
1.12238
-0.00902568
0.641788
0.641788
-0.18907
-0.18907
-0.18907
-0.18907
0.763435
0.763435
0.763435
-0.350205
-0.940125
0.731005
0.731005
0.904655
0.904655
0.651896
-0.596912
0.655536
0.655536
0.655536
-0.789452
-0.789452
-0.789452
-0.789452
-0.789452
-0.538918
0.410243
0.0950599
-0.651913
-0.651913
-0.651913
0.814648
1.25621
1.34119
1.34119
-0.0443354
-0.0443354
-0.0443354
1.03054
1.16587
1.16587
1.43879
1.43879
0.711116
0.711116
1.43351
1.43351
1.16684
1.02691
-0.757485
-0.298657
-0.298657
-0.298657
-0.298657
-0.298657
-0.298657
-0.298657
1.00019
1.00019
-0.200088
-0.200088
-0.200088
-0.200088
1.36582
1.36582
1.36582
-0.587083
-0.587083
-0.587083
-0.0797439
-0.0797439
-0.0797439
0.135501
-1.45767
-1.00807
-1.00807
0.831748
-1.432
-1.432
-1.432
-1.51725
-1.51725
-1.51725
-1.51725
0.030532
0.030532
0.030532
-1.63598
-0.142098
0.335316
0.335316
0.335316
0.335316
-0.278675
-0.278675
-0.278675
-0.278675
-0.278675
-0.278675
-0.521265
1.36034
1.36034
1.36034
0.546152
0.546152
-0.162137
-1.07015
-1.07015
-1.07015
-0.481874
0.701301
-1.15605
-1.15605
-1.26179
-1.26179
-1.26179
-0.0692173
0.0305779
1.38595
0.884737
0.0177482
0.791884
0.791884
0.791884
-1.096
-1.096
0.0702292
0.0702292
-1.42811
-1.2105
-1.2105
-0.458339
0.599301
0.599301
0.599301
0.599301
-0.0538356
-0.0538356
-0.124449
-1.12051
0.367327
0.367327
0.367327
0.585252
0.585252
0.585252
0.585252
-0.979635
-0.979635
-1.47013
-0.702591
-0.0547258
-0.0547258
1.01533
1.01533
1.01533
0.388964
1.05808
1.05808
0.898854
0.898854
-0.733583
-0.733583
0.979371
0.979371
0.979371
-0.565135
-1.9748
-1.9748
-1.9748
0.147191
0.147191
0.147191
0.147191
0.881361
0.881361
0.881361
-0.533911
-0.533911
-0.533911
0.774062
0.526154
0.526154
0.526154
0.526154
-1.0965
-1.61443
-1.61443
0.363131
0.363131
0.363131
-0.819514
-0.56169
0.491575
-0.0110316
-1.25539
-1.25539
-1.08601
-1.08601
0.168614
0.679836
0.679836
0.642024
-0.833776
-0.833776
-0.833776
0.578015
0.775245
0.72238
-0.260767
-0.323844
-0.323844
0.436218
-1.07884
-1.07884
0.789121
0.789121
0.789121
-0.760977
0.834578
0.834578
0.834578
0.834578
-1.53491
-1.53491
-1.53491
-0.161584
-0.141807
-0.693261
-0.693261
-0.693261
0.80191
0.80191
0.310661
0.310661
0.183448
-1.44086
0.479753
0.311455
-0.975398
-0.975398
0.775074
0.775074
0.775074
-0.462607
-0.462607
0.496147
0.496147
0.591377
0.591377
0.591377
0.591377
0.591377
0.591377
0.526555
1.04051
1.38074
1.38074
1.38074
1.38074
1.38074
0.1447
0.670137
0.670137
0.670137
0.670137
0.170185
0.595179
-0.695118
1.486
1.486
0.714803
-0.589136
1.29682
-0.993696
0.251622
0.251622
0.251622
0.251622
0.497345
0.497345
0.497345
0.497345
-0.468266
-0.468266
1.34463
1.11092
1.11092
-0.0934518
-0.0934518
0.0810148
0.0810148
0.0470172
0.419549
-0.600948
-0.600948
1.04102
0.172119
0.172119
1.02447
0.967716
-1.21002
0.333973
1.33334
1.33334
1.33334
1.14625
1.14625
1.14625
1.14625
1.14625
-0.66321
0.303745
-0.153371
-0.072281
0.875094
0.721643
0.721643
0.721643
0.721643
-0.116817
-0.116817
-0.788779
-0.535707
-0.535707
-0.535707
-0.723755
0.166722
0.166722
0.166722
-0.832094
-0.966394
0.969441
-0.218643
1.3118
0.371699
0.371699
0.371699
0.371699
0.371699
0.371699
0.371699
0.371699
0.579245
0.579245
-0.58527
-0.58527
0.763482
0.763482
-0.0489131
0.825733
0.825733
-0.672392
-0.672392
-0.672392
-1.32769
-0.686953
0.517907
-1.88565
-1.88565
-0.610498
1.02254
1.15087
1.15087
1.15087
-0.474572
-0.853762
0.495108
0.495108
-1.25713
-1.25713
-1.88474
0.60364
0.60364
0.60364
0.909111
-1.2832
-1.43083
-0.699779
-1.15204
-1.15204
-1.15204
0.717325
0.896124
0.896124
0.885604
-1.59384
-1.59384
-1.59384
-1.59384
-0.377638
-1.20847
-1.20847
-1.20847
-1.20847
-1.20847
-1.20847
-1.20847
0.943504
0.943504
0.831397
0.831397
-1.03346
-0.977182
1.40693
1.40693
0.927357
0.927357
0.927357
-1.07423
-1.07423
-1.07423
-1.07423
-1.07423
-1.50173
0.0473014
-0.393131
-0.763855
-0.763855
-0.345505
0.66782
-0.698434
-0.698434
-0.0112916
1.08787
-0.407594
1.59787
0.223016
1.4628
0.97711
0.97711
0.97711
-0.516763
-0.537776
0.561488
0.561488
0.561488
0.561488
0.561488
-0.790789
0.645854
0.645854
0.645854
-0.120049
-0.120049
-1.02584
-1.02584
-1.02584
1.34531
-0.736623
-1.38678
-1.38678
-1.35836
-1.35836
0.0664473
0.125084
0.125084
0.125084
0.125084
0.125084
0.125084
0.125084
0.125084
0.63857
0.63857
-0.629369
-0.629369
-1.06583
-1.06583
-1.06583
0.0852596
0.0852596
0.0852596
0.244592
0.145711
0.145711
-0.155599
-0.155599
0.114768
0.405984
0.405984
1.11154
1.21054
0.66189
-1.14614
-1.14614
-1.14614
-1.14614
-1.14614
-1.30282
-1.30282
-1.30282
0.682873
0.682873
0.682873
-0.780075
1.17712
1.17712
0.424519
0.164695
0.164695
0.574074
0.130223
0.130223
-0.593779
-0.593779
0.50304
0.50304
0.50304
-0.0832182
-1.65746
-1.65746
-1.65746
-1.46486
-1.46486
-1.46486
-1.46486
-1.46486
0.100316
0.100316
0.100316
0.100316
-0.339797
-0.930872
-0.930872
-0.930872
-0.930872
-0.930872
1.51842
1.42293
1.42293
0.0772117
-0.198825
-0.198825
-0.198825
-0.198825
0.786399
-0.685645
-0.685645
-0.685645
-0.685645
1.30133
1.30133
1.18261
1.18261
1.18261
1.18261
1.42633
1.1749
-0.538962
-0.336794
1.05661
1.07728
1.07728
1.07728
-0.891823
-0.891823
-0.891823
-0.891823
-0.338966
1.49607
1.49607
1.33763
1.33763
0.768777
0.768777
-0.54741
0.119318
0.119318
0.119318
-0.752489
-0.752489
0.793507
0.793507
0.174041
0.780138
0.780138
-0.642148
0.801937
0.801937
0.502574
0.191875
-1.13415
-1.13415
0.520485
-0.385647
0.497127
0.497127
1.20994
1.2006
1.2006
1.2006
1.2006
1.2006
0.964071
-1.22162
-1.22162
-1.02488
-1.02488
-0.674511
-0.674511
-0.674511
-1.22902
0.282231
0.282231
0.282556
0.282556
0.422808
0.422808
0.422808
0.422808
0.422808
-0.523259
0.108564
-1.00816
0.892133
-0.760262
-0.760262
0.647445
0.0762253
0.834054
0.820914
0.820914
0.820914
0.820914
0.820914
-0.633123
-0.42283
-0.42283
0.725277
-0.615311
1.22874
-0.266425
-0.585654
-0.533945
-1.26558
-1.26558
-1.26558
-1.26558
-1.47307
0.242025
0.290581
-0.716744
0.731483
1.19903
1.19903
1.19903
-0.472854
-0.472854
-0.472854
-0.472854
-0.301931
-1.72986
-1.72986
0.730701
-1.21904
-0.688566
0.541897
1.36612
1.36612
1.09418
1.09418
0.324698
0.421051
-0.781807
-0.392723
-0.392723
0.636234
0.636234
-0.484489
-0.484489
-0.500789
-0.500789
-0.500789
-1.3181
-1.3181
-1.3181
-0.766792
0.17584
0.17584
0.486829
0.486829
0.486829
-1.56418
-1.56418
-0.597551
0.70257
1.33049
1.28874
-0.159832
0.136395
-0.705651
-0.809877
-0.809877
-0.748423
-0.748423
-0.960535
1.2547
-0.51739
-0.51739
-0.51739
-0.709309
0.708576
0.708576
0.708576
0.708576
-0.70098
0.739661
-1.15712
-1.15712
-1.15712
-1.11864
1.24518
-1.20526
0.852608
-0.579516
-0.579516
0.892599
-0.419873
0.620794
0.276476
0.14835
-0.287855
-0.287855
-0.287855
-0.572939
-0.572939
-0.572939
-0.572939
0.532686
-0.386163
-0.386163
-1.25038
-1.25754
-1.25754
0.923323
0.923323
0.923323
1.07212
-0.302319
-0.765378
-0.556533
-0.556533
0.161141
-0.825693
-0.825693
0.685493
0.685493
0.685493
-0.784177
0.776721
1.14661
1.14661
1.70739
1.70739
1.70739
0.982372
0.982372
0.982372
0.982372
0.151408
0.426481
-0.614309
-0.614309
0.37473
-1.60077
0.77808
0.77808
0.853765
0.853765
0.853765
0.506276
0.506276
0.102363
-0.197713
-0.197713
-0.197713
0.361527
0.970702
0.970702
0.970702
1.18423
-0.214374
0.655234
-0.0196893
-0.0196893
-0.469711
-0.469711
-1.07413
-0.549704
-0.373147
-0.41491
-1.27529
-1.27529
0.979182
-0.596895
-0.596895
-1.21812
0.819919
0.506789
0.506789
0.506789
0.506789
0.101645
0.222945
0.222945
0.222945
0.222945
0.222945
0.222945
0.222945
1.24574
0.837865
0.595067
0.595067
0.595067
0.595067
-0.775946
-0.775946
-0.985998
-0.985998
-1.49838
-0.550239
-0.550239
-1.2888
-1.2888
-1.2888
-0.844594
-0.844594
-0.188029
1.20738
1.20738
-0.37095
0.575641
1.35822
1.35822
1.35822
1.35822
1.35822
-0.0361021
-0.0361021
0.0932338
-0.579316
-0.579316
-0.603092
-0.494699
-0.494699
-0.494699
0.965877
0.965877
1.22335
0.63781
0.63781
0.63781
-0.468293
0.925762
-0.932236
-0.932236
1.37218
-0.550766
-0.550766
-0.550766
-0.550766
-0.550766
-0.550766
-0.550766
-0.550766
-0.550766
1.01313
-1.20717
-0.623794
-0.623794
-0.623794
0.969554
1.12137
1.12137
-0.953211
-0.953211
1.45666
-0.67086
0.0302362
-0.572839
-0.572839
0.982134
1.06545
-0.815646
1.3805
1.3805
0.0223416
-0.554024
-0.554024
-0.554024
-0.554024
1.35106
1.35106
1.35106
-0.992829
-0.992829
-0.992829
-0.992829
-0.992829
1.13719
0.853813
0.853813
0.853813
0.2282
0.2282
0.2282
0.673219
-0.334419
-1.21295
-1.21295
0.374542
0.374542
0.374542
0.374542
-0.721184
-0.721184
-0.721184
0.517965
0.517965
0.00102097
1.06525
1.06525
1.06525
-0.64058
0.776532
0.779922
-0.0898365
-0.367492
-0.367492
1.17231
1.17231
1.17231
1.17231
-0.924033
-0.0226545
0.147853
0.245205
0.245205
0.245205
1.05962
1.05962
1.05962
1.05962
1.05962
1.05962
1.05962
1.05962
0.260259
0.692202
0.692202
-0.528553
-0.730378
0.167563
0.167563
0.167563
0.167563
0.705293
0.705293
-0.378378
-0.378378
-0.378378
0.809606
0.809606
0.0345751
-0.312858
0.245407
0.245407
-1.20398
-1.20398
0.449359
1.21352
1.21352
1.21352
1.21352
1.21352
1.21352
1.21352
0.195889
-0.741281
-0.741281
-0.741281
0.998342
0.998342
-1.42958
0.248976
0.83258
0.83258
0.83258
0.83258
-0.558142
-1.08771
0.965215
-0.13049
1.04568
1.01428
1.01428
-0.219766
1.15075
-0.133719
-0.133719
0.291775
0.072313
-1.09427
-1.09427
-1.09427
-1.09427
-1.09427
-1.09427
-1.09427
0.9469
0.9469
0.9469
0.372733
0.372733
0.65906
0.65906
-1.55578
0.692937
0.692937
0.692937
0.692937
0.989666
0.989666
0.989666
0.727754
0.727754
0.727754
0.727754
0.727754
1.90152
1.90152
-0.500733
-0.500733
-0.500733
-0.786618
-0.587676
-0.587676
-0.0247396
-0.164565
-0.164565
0.850966
0.850966
0.850966
0.850966
0.850966
0.948749
0.0661836
-0.851575
-0.851575
-0.168741
1.24614
-0.530741
-0.530741
1.06704
1.06704
-0.658428
-0.98569
-1.32086
0.305624
0.305624
0.305624
0.305624
0.945063
0.945063
0.945063
0.945063
-0.71541
1.08758
-0.660914
-1.69
-1.31868
-0.121957
0.769309
0.769309
-0.362258
-0.362258
-1.044
-1.044
-0.528842
0.602239
-0.432157
1.35356
1.67571
1.67571
1.67571
1.67571
2.051
2.051
1.76723
-0.155452
-0.155452
-0.753552
-0.243036
0.252062
0.988612
1.38861
0.835119
0.835119
0.710071
1.59866
1.35357
1.35357
-0.334086
-1.33859
1.09896
1.09896
1.09896
1.59336
1.45639
-0.102204
-0.102204
-0.102204
1.29243
0.471899
0.471899
0.471899
-0.761132
-0.761132
0.72774
0.72774
0.695593
0.695593
-1.31201
-0.169204
-0.169204
-0.959581
-0.140311
-0.514165
-0.514165
-0.0789053
1.10747
-0.758608
0.481771
0.739527
0.739527
0.739527
0.739527
0.0224333
0.0224333
0.0224333
0.0224333
1.19302
1.38213
1.38213
-0.814599
-0.00853531
-0.00853531
-0.00853531
-0.00853531
-0.00853531
-0.00853531
-0.0513824
1.22835
1.22835
0.561348
0.561348
0.561348
0.561348
-0.0142521
-0.0142521
-0.13743
-0.244965
-0.244965
1.02929
1.02929
1.48691
-0.664725
0.870513
0.870513
1.13955
-0.840077
1.18958
-0.103875
1.05874
1.05874
1.05874
-0.247007
-0.247007
-0.247007
-0.247007
1.57337
-0.643945
-0.643945
-0.643945
-0.643945
0.325756
0.325756
-0.732011
-0.732011
1.57114
-0.613672
-0.634555
0.403951
-0.158124
-0.158124
-0.158124
-0.158124
-1.00145
-1.00145
-0.864632
-0.864632
-0.864632
0.536738
0.536738
0.536738
0.536738
0.536738
0.536738
0.817172
0.727739
0.500715
0.500715
0.500715
-0.316247
-0.571868
-0.571868
0.494282
0.494282
0.491593
0.491593
0.514055
0.72951
-0.445646
-0.445646
-0.445646
0.187522
0.224961
0.817035
-0.486126
-0.486126
-1.24433
-1.24433
0.567405
0.567405
-0.711585
-0.711585
0.840281
-0.908647
-0.908647
-0.908647
0.314676
0.314676
0.314676
0.314676
0.314676
0.314676
1.09349
-1.04996
-1.04996
-1.04996
-1.04996
-0.36141
-0.390975
-0.390975
-0.277404
-0.277404
0.396756
0.396756
-1.34346
-1.34346
-0.276488
-0.541167
-0.541167
-0.541167
-0.541167
0.356956
0.515407
-1.08717
-0.639223
-0.0890603
-0.0890603
-0.0890603
-0.45824
-0.371967
0.429571
1.30932
1.30932
-0.718522
-0.718522
1.3549
-1.09015
0.464458
0.464458
-0.498376
1.38858
0.581762
0.709226
-0.314572
-0.314572
-0.314572
-0.314572
1.11036
0.929028
1.1522
1.1522
0.54705
-0.217782
-0.217782
-0.217782
-0.217782
0.400427
1.10847
-0.937182
-0.937182
-0.937182
-0.937182
0.0928657
1.068
0.360072
0.360072
0.360072
0.574975
0.574975
-1.02727
-1.02727
-1.02727
-1.02727
0.0218866
-0.236598
-0.236598
-0.236598
-0.236598
-0.847666
-0.847666
-0.833892
-0.833892
-0.833892
-0.833892
-0.833892
-0.833892
-0.833892
-0.72721
-0.318841
-0.372185
-0.372185
-0.372185
-0.303853
0.726257
1.08275
1.08275
-0.110922
1.55639
-0.305483
-0.305483
1.32151
1.32151
1.1368
1.1368
-1.22216
-1.22216
0.926197
0.926197
0.926197
-1.46485
-1.46485
0.810865
0.125667
1.28298
1.24734
1.24734
1.24734
0.364095
0.364095
0.364095
0.364095
0.848967
0.697525
-0.804947
-0.421102
-0.704564
-0.220517
0.43072
0.963873
0.963873
-1.04413
-0.86708
-0.86708
-1.17448
-1.21212
-1.08652
-0.536088
-0.536088
-0.479364
-0.460502
-0.107277
1.23268
-1.14093
-1.14093
-1.14093
-1.25517
-1.54806
-1.54806
0.464112
1.34024
1.34024
1.2761
-0.553488
-0.331976
1.88904
-0.548448
-0.276903
-0.276903
-0.276903
-0.276903
0.618292
0.652647
0.652647
0.652647
1.05657
1.05657
1.05657
-0.313934
-0.313934
-0.313934
-1.52497
-1.52497
-0.0957374
1.24704
1.24704
-0.143542
-0.143542
0.304338
0.304338
-0.730933
1.34932
1.34932
0.866933
0.866933
0.965062
1.29668
-0.766254
0.680513
-0.612736
-0.366827
1.4071
1.4071
1.4071
0.277366
1.17117
0.694083
-0.423491
-0.889312
0.313339
0.313339
-0.397411
-0.397411
-0.397411
-0.397411
0.482981
0.32514
-1.21768
0.531109
-0.988561
-0.176792
-0.00618635
0.311011
0.311011
-0.0995116
-1.40276
-0.236325
0.833874
0.29412
0.29412
0.0319856
0.0319856
-0.000106398
-0.000106398
-0.000106398
-0.000106398
-0.000106398
-0.000106398
1.31295
1.31295
0.90969
-0.430309
-0.354749
-1.5363
0.304636
0.304636
0.304636
0.304636
0.317799
-0.923955
0.908223
-1.35053
-0.379851
-0.379851
1.53856
1.25668
1.25668
-0.0577582
0.0866804
0.0866804
0.0866804
0.0866804
0.0866804
0.0866804
0.0866804
0.0866804
0.384267
0.384267
0.63765
1.35901
1.35901
1.34606
1.34606
-0.856678
-0.856678
-0.856678
-0.856678
-0.770937
-0.770937
-0.634932
1.27192
0.419337
1.16649
-1.22175
-0.269686
-0.946605
-0.946605
-0.0456875
-0.0324564
-0.0324564
1.08915
1.08915
1.80026
1.80026
1.11152
0.555723
-0.427695
-0.76202
0.316981
0.316981
-0.94709
0.551086
-1.21986
-1.21986
-1.21986
0.408079
0.513813
-0.299997
-1.38204
-1.38204
-1.38204
1.05929
1.18163
-1.14345
-0.840573
-0.0925297
0.00733333
0.275497
-0.864838
-0.864838
-0.864838
1.0624
1.0624
1.0624
0.514549
0.514549
0.347015
0.347015
0.285019
0.285019
0.0878776
0.0878776
1.6477
0.185527
0.185527
0.235238
0.235238
0.235238
0.832324
-0.218991
-0.283758
-0.474866
-0.474866
1.73951
1.73951
0.771987
0.771987
0.771987
0.771987
0.771987
0.771987
0.287971
0.287971
0.940275
-0.880993
0.549542
0.549542
0.549542
0.235355
-0.529649
-0.386937
-0.386937
0.610709
-1.1071
-0.725369
0.43698
0.43698
0.43698
-0.251808
-0.251808
-0.350255
-0.350255
-0.350255
-0.350255
-0.796377
-0.796377
-0.622095
0.118368
-2.09967
-2.09967
-2.09967
-2.09967
-2.09967
-1.18314
-0.528211
0.957842
-1.20635
-1.20635
0.52831
0.276938
0.421306
-0.0861993
1.14778
-0.169609
-1.16665
-0.282178
-0.282178
-0.463605
1.08038
1.08038
1.08038
1.08038
1.08038
1.08038
0.895166
0.895166
0.895166
-0.423011
-1.07204
0.372921
0.372921
2.11835
2.11835
1.20121
1.20121
-1.15771
1.17786
-0.22102
-0.22102
1.34841
0.315727
0.327808
0.327808
0.327808
0.327808
0.628182
0.628182
0.546347
0.366058
0.366058
0.366058
-1.46216
-1.46216
-0.901228
0.580621
-1.29001
0.277779
1.12184
-0.386576
-0.386576
-0.643122
-0.948531
-0.948531
0.358721
0.479527
-0.140385
0.0208923
0.0344538
0.0344538
0.0344538
-0.312213
-0.312213
-0.312213
-0.312213
-0.312213
-0.099598
-1.1222
-1.1222
0.650672
0.674108
0.674108
-0.466397
-0.466397
-0.466397
-0.717789
-0.717789
-0.717789
-0.974346
1.12259
-0.529656
-0.529656
0.432871
0.432871
0.879698
0.879698
-0.69129
-0.69129
1.2385
-0.42026
1.08381
0.59193
0.59193
0.59193
0.784925
0.784925
0.784925
-0.147796
-0.147796
0.478241
1.5639
1.5639
0.529954
0.529954
0.529954
-0.431105
-0.0240775
-0.0240775
0.279429
-0.299895
-0.299895
-0.299895
-0.887002
-0.887002
0.511063
0.511063
-0.755678
-0.755678
0.602734
1.66296
1.66892
-0.0152918
-0.0152918
-0.0152918
-0.0152918
-0.0152918
-0.528183
-0.528183
-0.528183
-0.814513
-0.381442
-0.381442
-0.381442
-0.381442
-1.37692
-1.37692
-1.37692
-1.37692
-1.37692
-1.10158
-1.67236
0.323794
0.323794
-0.797973
-0.222697
-1.02316
0.905959
0.905959
0.905959
0.905959
0.677507
0.677507
-0.0311
-0.582888
-1.12639
-0.99939
0.13638
0.13638
-0.206295
-0.206295
0.616544
-0.465689
-0.465689
-0.565744
-0.565744
1.47503
-0.119684
-1.1716
-1.28827
-1.28827
-1.28827
-1.28827
-1.28827
0.675707
0.675707
0.675707
0.783922
0.783922
0.485089
-0.844147
-0.844147
-0.827499
-0.827499
-0.827499
-0.733177
-0.124185
-0.124185
1.7812
0.463746
0.463746
0.313503
0.313503
0.313503
0.313503
0.313503
0.275743
-1.55473
-1.1707
-1.54145
-1.08162
1.08843
0.985054
0.471121
0.117168
0.855775
0.855775
-0.554465
0.68866
1.09719
-0.196739
-0.196739
-0.510936
-0.510936
-0.904702
-0.904702
-0.904702
-0.904702
1.34743
1.70462
0.993651
-0.692137
-0.692137
-0.692137
-0.692137
-0.692137
0.854045
1.43888
0.882259
0.882259
0.355434
-0.708354
-0.708354
-0.708354
-0.708354
-0.708354
-0.708354
0.851511
1.41463
1.41463
-0.548578
-0.120275
0.0964978
-1.71406
-0.602944
0.68093
-1.00536
-1.00536
-1.00536
-1.00536
-1.00536
-1.00536
-0.165929
-0.165929
0.728043
1.11771
0.82708
-0.977036
-0.158002
-0.158002
0.77908
0.67751
0.909568
0.909568
0.909568
0.742338
0.742338
0.742338
-0.587601
-1.72149
-1.72149
-0.883837
0.662558
-1.51686
-1.01815
0.245002
-0.847283
-0.847283
0.147723
-0.547385
-0.547385
-0.60902
-0.60902
-0.60902
-0.631938
0.495901
0.579115
-0.755426
-0.755426
-0.755426
-0.755426
-0.755426
-0.755426
0.425777
-1.73148
-1.73148
-0.184282
-0.184282
-0.184282
1.14068
1.14068
-0.0694808
-0.0822593
0.43451
0.43451
0.43451
0.749621
-0.259029
-0.259029
0.753062
0.753062
0.753062
0.753062
0.753062
0.144979
0.144979
-1.66656
-1.41432
-0.65088
-0.65088
0.969242
-0.243725
-0.243725
-0.243725
-0.243725
-0.243725
-0.243725
-0.243725
-1.00366
-0.790895
-0.790895
-0.790895
-0.790895
-0.790895
-0.790895
-0.391723
1.01766
1.01766
-0.364478
-0.364478
-0.364478
-0.364478
-1.40442
0.542434
0.341272
0.733796
0.733796
0.733796
0.778394
0.778394
-0.515448
1.25803
1.25803
1.25803
1.25803
1.56247
1.56247
0.575226
0.575226
0.575226
0.575226
0.575226
0.575226
0.575226
0.575226
0.575226
0.575226
0.575226
-0.412076
-0.340769
0.691015
-0.977156
1.33898
1.33898
0.743895
0.743895
0.743895
0.897886
0.897886
-0.475232
-0.88698
-1.07052
-1.07052
1.23289
0.631183
0.631183
0.631183
-0.54129
0.913143
0.913143
-1.08506
-1.44863
0.0417366
0.378963
0.673538
0.578572
0.578572
0.578572
0.578572
0.578572
0.578572
0.578572
0.578572
0.578572
0.578572
0.59189
0.59189
0.59189
0.59189
0.508866
0.508866
0.508866
0.508866
-0.266948
-0.266948
0.292026
-1.11176
-0.733954
-0.778805
-0.778805
0.0350597
0.0350597
0.0350597
0.0350597
-1.29244
-0.816645
-0.816645
1.29206
1.29206
1.29206
1.29206
0.743272
0.743272
0.383627
0.383627
0.383627
0.383627
-0.277117
0.245439
0.245439
0.245439
0.245439
0.245439
1.23199
0.177686
0.864785
0.694443
0.694443
0.694443
0.694443
1.10504
0.344421
-0.650086
0.366721
-1.07016
-1.07016
-1.07016
-0.937543
-0.937543
0.107663
0.107663
-0.947429
-0.947429
-0.502983
0.677393
0.677393
1.17797
1.17797
0.642576
-1.47854
0.553385
0.553385
0.426187
0.426187
-1.78223
-1.19068
-0.922006
-0.847456
-0.847456
-0.847456
0.329975
0.329975
0.329975
0.28996
0.962674
1.06884
1.06884
-0.0196505
-0.0196505
0.464642
-0.455193
-0.455193
-1.49215
0.197833
-0.702186
-0.702186
0.825584
-0.569798
0.455449
-0.739272
-0.739272
-0.563138
-0.563138
0.321898
-0.38455
-0.38455
-0.904529
-0.904529
-0.904529
-0.138571
-0.194189
-0.755955
-0.699593
1.22333
-1.08094
-1.08094
-0.580372
0.0748789
1.04099
1.04099
-0.969642
-0.969642
-0.240986
0.148075
-1.64686
-1.64686
-1.14306
-1.59243
-2.11237
-1.02372
-0.140546
-0.140546
1.28924
1.28924
1.28924
-0.886879
-0.565715
0.691613
0.691613
-0.967004
0.0227292
0.0227292
-0.243061
-0.243061
-0.243061
-0.243061
0.628835
-1.21593
-0.342868
1.12667
-0.335211
0.657083
0.657083
0.812025
-0.555204
-0.555204
0.261028
1.2684
1.2684
-0.655568
0.732841
0.732841
1.1914
-0.880729
0.672247
0.672247
-0.754133
-0.754133
-1.30704
-1.30704
0.082816
0.082816
-0.523016
0.78663
0.78663
0.78663
1.31045
1.31045
1.31045
0.086148
-1.07398
-1.07398
0.0979744
0.0979744
1.84226
1.84226
0.516779
0.516779
0.500351
-0.178156
-0.178156
-0.178156
-0.178156
0.804899
0.137581
-2.01432
-0.757377
-0.884445
1.00223
-0.916149
-0.916149
0.84085
0.84085
-0.493347
1.00163
-0.364409
-0.364409
-0.381399
-0.381399
-0.98726
-0.654687
0.654289
0.654289
-0.853981
-0.853981
-0.853981
-0.614645
-0.614645
-0.614645
1.08031
1.08031
1.23172
1.23172
1.23172
0.894782
-1.54986
-1.54986
0.290055
0.290055
0.290055
0.290055
0.290055
-0.247734
-0.245601
-0.245601
-0.245601
-1.37697
-0.789654
-0.78394
-0.78394
-0.78394
0.203926
0.203926
0.549695
0.549695
-0.35494
1.08519
0.5445
0.5445
-0.995101
0.644627
-0.758229
-0.758229
1.12904
1.12904
1.46217
-0.344285
-0.344285
-0.344285
0.833447
0.833447
0.833447
0.833447
0.168038
0.584617
0.584617
-0.892067
-0.892067
-0.892067
-0.892067
-0.892067
1.29463
1.27487
0.264721
-0.0587905
0.796705
0.796705
0.796705
-1.25819
-1.25819
-1.25819
-1.25819
-0.0442953
-0.0442953
-0.0442953
-0.37401
-1.19189
-1.19189
-1.19189
1.13445
-0.237661
-0.237661
-0.237661
-1.08582
-1.08582
-0.732215
-0.732215
-1.67672
-1.76076
-1.44114
-0.221665
0.769234
-0.0825347
-1.36027
0.900769
-0.340416
0.711839
0.711839
0.195986
0.283614
0.283614
0.0515965
-1.08761
-1.08761
-1.08761
-1.17744
-0.739139
-1.11641
-1.07534
-0.627985
0.70307
0.70307
0.593252
0.593252
1.34182
-0.383775
-0.383775
-0.547537
-0.547537
-0.547537
0.194426
0.389653
0.389653
0.389653
0.389653
-1.07276
-0.313867
-0.694019
0.345067
0.53955
1.39919
1.39919
1.39919
1.39919
1.39919
1.36267
1.36267
1.36267
-0.604529
-0.604529
-0.604529
1.48156
1.42483
1.42483
-0.75827
-0.75827
-0.75827
-0.75827
-0.0625482
-0.262261
0.43465
0.43465
0.43465
0.591512
-0.34228
1.68602
0.20268
-0.182706
-0.182706
0.238547
-1.55243
-1.7435
0.631485
0.631485
0.631485
-0.226967
-0.449149
-0.449149
-0.449149
-0.999318
-0.975854
0.901818
0.337424
0.393481
0.149743
0.149743
0.149743
0.149743
-1.30212
-1.30212
1.01813
0.867405
-0.00594692
0.573163
1.05022
-1.12985
-1.12985
-0.427177
-0.427177
-0.427177
-0.427177
-1.32727
-1.01576
1.07426
1.07426
-0.941644
-0.941644
0.964275
0.106862
-0.376233
-0.376233
-0.376233
-0.376233
-0.376233
0.305994
-1.34319
-1.34319
-1.34319
0.0572619
0.0572619
-0.108228
-0.108228
-0.500635
-0.892727
-0.916802
-0.916802
-0.916802
0.447176
0.447176
0.447176
0.447176
0.447176
0.447176
0.447176
0.753918
0.753918
0.753918
1.80258
1.80258
1.22289
-1.23736
-1.23736
-0.142026
-0.142026
1.23295
1.23295
1.23295
-0.566925
-0.566925
-1.46026
-0.851546
0.0329137
-0.232277
1.00669
-1.29167
-1.42822
0.682138
0.682138
0.682138
0.682138
0.682138
0.682138
0.682138
0.142124
0.142124
0.71498
0.71498
0.71498
-0.859351
-0.859351
-0.859351
-0.859351
-0.859351
-0.551889
0.611357
0.611357
0.611357
0.611357
0.543661
0.543661
0.231276
-1.1757
-0.1158
-0.717866
-0.717866
-0.717866
-0.944786
-0.808339
0.805535
0.805535
0.805535
0.494129
1.18603
1.18603
1.18603
1.18603
-0.655076
1.25566
1.25566
1.0736
1.0736
1.0736
1.0736
0.0257216
0.0257216
-0.467661
-0.467661
-0.467661
1.04214
0.958951
1.6055
1.6055
1.6055
1.27399
1.27399
0.208299
0.208299
0.208299
-1.16866
-1.16866
0.894516
0.894516
0.894516
1.55681
1.55681
1.55681
1.55681
1.55681
0.691988
0.650737
0.650737
-0.0754445
-0.0754445
-0.40815
0.0630345
0.0630345
0.0977329
-0.467593
1.47026
1.35289
1.35289
1.35289
1.35289
1.35289
1.16969
0.395881
0.395881
-0.996702
-0.996702
0.809729
0.711375
0.711375
0.711375
0.566443
0.566443
0.566443
0.566443
0.566443
0.566443
0.566443
-1.12358
-1.12358
-1.12358
-0.20956
1.06862
-0.0144031
-0.558976
-0.558976
0.170117
0.170117
-0.791544
-0.23945
-1.18509
-1.01466
-0.467858
0.593154
0.0850506
0.257316
0.257316
-0.346894
-0.346894
0.00372883
0.00372883
0.00372883
0.626512
0.626512
0.626512
0.626512
0.314413
0.314413
1.65335
1.65335
1.65335
1.65335
-0.760118
-0.924061
0.0297499
0.708962
0.708962
1.02237
-0.788773
-0.788773
0.383083
-0.177492
-0.177492
0.223641
0.223641
0.552322
0.552322
1.31614
-0.411339
0.617805
0.7846
1.28686
-1.0038
-0.792392
0.603041
0.603041
0.603041
0.603041
0.603041
0.603041
0.603041
0.603041
-0.332865
-0.332865
-0.332865
0.409336
0.0556647
0.0556647
0.976069
0.976069
-0.0497096
-0.0497096
-1.04093
-0.262798
-0.262798
0.130846
0.253014
0.209843
0.209843
0.592907
0.912571
0.912571
0.912571
0.912571
-0.642742
-0.642742
-0.642742
1.00307
1.00307
-0.4427
-0.4427
-0.4427
-1.24937
-0.824038
-0.824038
-0.824038
-0.824038
-0.488331
-0.488331
-0.488331
-0.475896
0.763088
0.763088
0.763088
-0.130567
0.83795
0.83795
-1.47952
-1.47952
0.493515
0.993412
0.993412
0.915316
1.11915
-0.297071
-0.297071
-0.592952
-0.560336
1.04157
1.04157
-0.57005
0.922994
0.922994
-1.3315
-0.0963179
-0.0963179
-0.688684
-0.688684
1.09077
-0.272337
-1.22754
-1.22754
-0.376523
-0.833177
0.369554
-0.331996
0.23023
-1.49245
-0.711321
-0.711321
0.363313
-0.728751
-0.728751
-1.37891
-0.152428
-0.0445149
-0.0445149
-0.0445149
-0.95198
-0.95198
-0.95198
1.00163
0.536132
0.0770272
0.0770272
0.0770272
0.0770272
0.447187
0.83112
0.83112
-0.7943
-0.7943
-0.7943
-0.7943
-0.7943
-0.7943
-0.7943
-0.7943
-0.7943
-0.7943
-0.7943
-0.7943
-0.7943
0.333807
0.333807
-1.46206
-0.728534
-0.728534
-0.728534
0.753769
0.753769
0.753769
0.753769
0.753769
0.966234
-0.044795
-1.19519
1.19761
-0.0663448
-0.0663448
-0.0663448
-0.0663448
-1.21569
0.371529
-0.801445
-0.801445
-0.801445
-0.327871
-0.820529
-1.23724
0.784611
0.784611
-1.03971
-1.03971
0.0920983
0.0920983
0.0920983
0.0920983
-0.448206
-1.09802
-1.09802
-1.09802
-1.09802
0.478005
-0.995173
0.266402
-0.266522
-0.266522
-0.266522
1.11231
0.353004
0.353004
0.353004
0.970694
0.970694
0.970694
0.970694
0.970694
0.970694
-1.33096
-1.33096
-1.46752
-0.124866
-0.0936812
-1.25831
-1.25831
-1.25831
-1.25831
-0.925371
-0.925371
-0.391634
-0.391634
-0.391634
-0.346087
0.0970967
0.0970967
0.0970967
1.02518
1.02518
-0.584361
-1.03802
-0.645288
-0.645288
0.938592
-0.349952
-0.349952
0.373125
0.373125
1.42378
-0.835125
-0.13374
-0.13374
0.33345
0.33345
0.33345
0.33345
0.33345
-1.06347
0.71291
-1.0632
-1.0632
-1.0632
-1.0632
-1.0632
-1.0632
-0.467523
-0.467523
-0.467523
-0.467523
0.11826
0.11826
-1.0273
-0.630791
1.08317
-1.39992
-1.05816
1.27713
0.182398
-0.163185
-0.163185
-0.422615
0.114732
0.114732
-0.32455
-0.32455
-0.32455
0.965835
0.59552
-1.23352
0.441173
-0.549608
-0.549608
0.216311
0.126024
0.126024
0.126024
0.126024
0.126024
0.145035
0.145035
0.145035
1.07488
1.07488
-0.326791
-0.9572
-1.40093
-1.40093
-1.40093
0.560427
0.871639
0.273858
0.273858
0.273858
-0.333221
-0.333221
-0.333221
-0.333221
-1.07968
-1.07968
-0.748665
-1.0221
0.225049
0.225049
0.225049
0.189411
0.189411
0.214235
0.214235
0.214235
-0.136458
-0.136458
-0.136458
-0.136458
0.483771
0.483771
0.483771
0.483771
0.483771
0.1633
0.90431
0.90431
1.0596
0.784467
-0.134019
-0.134019
-0.372843
-1.50001
-1.18266
-0.994178
-1.12414
0.283071
0.283071
-0.995862
-0.995862
-0.995862
0.903898
0.903898
0.903898
-0.000460722
0.247276
-1.68601
-2.02492
-0.353183
-0.353183
0.732073
0.501886
1.1785
1.1785
-0.403642
-0.403642
0.348363
0.284688
0.284688
0.284688
0.284688
0.451395
0.0496549
0.0496549
1.57263
1.57263
1.60391
1.60391
1.60391
1.35283
-0.537915
-0.537915
-0.537915
-0.537915
-0.537915
0.118989
0.118989
1.22706
-0.878635
0.554268
0.554268
0.870518
0.60135
0.60135
0.60135
0.60135
0.60135
-1.02983
-1.02983
-0.583653
-0.583653
-0.165779
-0.165779
-0.165779
-1.37247
-1.33575
-1.33575
-0.878706
-0.857896
-1.75961
-1.65366
-0.0641289
0.0108071
-1.20268
-1.20268
0.753854
0.753854
0.753854
0.753854
0.753854
0.566916
-0.00445645
1.02805
1.02805
0.413606
-1.04516
-1.04516
-1.04516
-1.04516
-1.04516
-1.11906
-0.909139
-0.909139
1.08644
0.455387
0.455387
-0.910291
-0.910291
-0.910291
-0.910291
-0.910291
-0.910291
1.04734
0.176612
-0.585353
-0.857408
-0.150266
1.43843
1.43843
-0.834175
-0.834175
-0.834175
0.494882
0.494882
0.494882
0.494882
0.805202
1.03076
1.03076
-0.677108
-0.4021
-0.0451082
-0.0451082
-1.39427
0.271328
0.271328
-0.574918
-0.574918
-0.574918
0.102333
0.102333
-1.35609
-1.35609
-1.35609
-1.35609
-0.55461
-0.324523
-0.587463
-0.587463
-0.587463
0.586638
1.19839
1.14032
0.604504
0.604504
-1.12432
-1.12432
-0.656764
-0.656764
-0.352254
0.811155
0.811155
0.811155
0.811155
-1.19072
-1.19072
-1.19072
-1.19072
0.489692
1.43189
1.23668
1.82368
1.82368
0.0436549
0.0436549
1.18247
1.16528
-0.971575
0.357012
0.357012
0.357012
0.357012
0.84206
0.84206
0.537224
0.944882
-0.864335
-1.20288
-1.20288
0.426176
0.481989
0.481989
0.481989
1.09301
1.09301
1.09301
0.000649497
-0.512756
0.512566
0.512566
0.749959
0.749959
