-0.431358   0.651382   0.81134
-0.429236   0.653896   0.809551
-0.426777   0.639936   0.77438
-0.426402   0.64823   0.813542
-0.426236   0.647186   0.772405
-0.426063   0.645671   0.772413
-0.425611   0.634233   0.80949
-0.425545   0.636115   0.797688
-0.425248   0.650674   0.804842
-0.423349   0.626315   0.799029
-0.423105   0.659693   0.806043
-0.422981   0.648878   0.794727
-0.422815   0.630995   0.812287
-0.422727   0.653218   0.802513
-0.422199   0.642961   0.785775
-0.421402   0.649082   0.784046
-0.421331   0.659639   0.818801
-0.421274   0.645297   0.792176
-0.421188   0.639992   0.779002
-0.421185   0.639639   0.78018
-0.420738   0.634271   0.774619
-0.420728   0.65515   0.781426
-0.420579   0.651096   0.816555
-0.420392   0.643965   0.813998
-0.420384   0.628644   0.792044
-0.420287   0.627955   0.788108
-0.420261   0.650805   0.799675
-0.420207   0.631012   0.771918
-0.419137   0.62715   0.810811
-0.419027   0.658577   0.78464
-0.418964   0.643014   0.802157
-0.418808   0.63726   0.79574
-0.418567   0.632327   0.810285
-0.418374   0.648013   0.802492
-0.41825   0.64702   0.78318
-0.418147   0.628662   0.793938
-0.418048   0.632935   0.779883
-0.417986   0.638319   0.800567
-0.417716   0.639665   0.788784
-0.417558   0.64131   0.803622
-0.417469   0.651143   0.791409
-0.417461   0.653537   0.803217
-0.417275   0.632106   0.791461
-0.417188   0.641116   0.783394
-0.416969   0.638168   0.808448
-0.416807   0.637275   0.787586
-0.416787   0.6215   0.802274
-0.416565   0.632324   0.797407
-0.416427   0.646499   0.784885
-0.41639   0.626441   0.782867
-0.416258   0.631987   0.805584
-0.416248   0.657621   0.80529
-0.41624   0.647113   0.780438
-0.416207   0.6237   0.793992
-0.416185   0.624254   0.781611
-0.416159   0.64025   0.794922
-0.416109   0.629372   0.79752
-0.416076   0.654587   0.800159
-0.416007   0.658742   0.801361
-0.415999   0.624498   0.779823
-0.415963   0.625812   0.8034
-0.415757   0.641771   0.791265
-0.415721   0.641316   0.772136
-0.415522   0.629072   0.787384
-0.415502   0.645256   0.779965
-0.415475   0.632435   0.808865
-0.415438   0.649148   0.800374
-0.415383   0.631836   0.814902
-0.415341   0.650955   0.773142
-0.415331   0.634728   0.80838
-0.415281   0.641275   0.814377
-0.415274   0.641882   0.793849
-0.415272   0.638351   0.800118
-0.415134   0.650869   0.770862
-0.415037   0.643551   0.809403
-0.414948   0.634343   0.774138
-0.414909   0.657019   0.81231
-0.414908   0.654557   0.79829
-0.414887   0.623938   0.770555
-0.414841   0.629898   0.797321
-0.414749   0.633009   0.806093
-0.414554   0.627691   0.801313
-0.414421   0.653155   0.803341
-0.414418   0.647504   0.812267
-0.414329   0.640701   0.796186
-0.414212   0.640159   0.788132
-0.414202   0.628804   0.8057
-0.414176   0.652227   0.809608
-0.414151   0.639907   0.810151
-0.414025   0.626479   0.770174
-0.414019   0.63833   0.779937
-0.41401   0.651256   0.807165
-0.413945   0.633548   0.806703
-0.413898   0.644221   0.77814
-0.413886   0.62999   0.7882
-0.413844   0.642962   0.770962
-0.413797   0.636106   0.784223
-0.413711   0.650805   0.778943
-0.41369   0.647072   0.779316
-0.413608   0.646352   0.77511
-0.413601   0.636701   0.786907
-0.413545   0.651792   0.79984
-0.413475   0.644631   0.790124
-0.413429   0.644817   0.803321
-0.413411   0.651306   0.808476
-0.413409   0.642377   0.770341
-0.413388   0.629219   0.805926
-0.413268   0.630482   0.798017
-0.413267   0.648272   0.780653
-0.41316   0.64175   0.804646
-0.413136   0.621477   0.807645
-0.413031   0.657082   0.793016
-0.412924   0.631226   0.818839
-0.412913   0.640551   0.811063
-0.412878   0.654941   0.801346
-0.412831   0.637224   0.774993
-0.412788   0.632164   0.808478
-0.412779   0.654854   0.811993
-0.412507   0.631024   0.800359
-0.412495   0.638406   0.789716
-0.412492   0.658803   0.773709
-0.412455   0.629512   0.808825
-0.412422   0.630728   0.815033
-0.41238   0.645607   0.787149
-0.412335   0.633622   0.802937
-0.412312   0.63951   0.790184
-0.412111   0.642069   0.775296
-0.41211   0.62247   0.8153
-0.412057   0.640271   0.807021
-0.412012   0.633313   0.78456
-0.411995   0.631036   0.770096
-0.41199   0.631541   0.783921
-0.411972   0.635223   0.771485
-0.411966   0.633025   0.797672
-0.411961   0.630022   0.776803
-0.41196   0.622954   0.809571
-0.411954   0.641669   0.772684
-0.411945   0.631453   0.812069
-0.411882   0.64039   0.813536
-0.411773   0.6419   0.792912
-0.411727   0.643869   0.784742
-0.411696   0.644423   0.814605
-0.411628   0.657412   0.807609
-0.411621   0.649633   0.780084
-0.411553   0.637156   0.770053
-0.411472   0.629236   0.797435
-0.411409   0.636969   0.799821
-0.411383   0.650868   0.81387
-0.411378   0.624982   0.805757
-0.411364   0.626975   0.802924
-0.411299   0.648603   0.774888
-0.411221   0.645296   0.807545
-0.411189   0.629669   0.789698
-0.41118   0.626759   0.798859
-0.411171   0.658604   0.791515
-0.411095   0.628431   0.807964
-0.410989   0.621119   0.781031
-0.410956   0.637455   0.782614
-0.41094   0.621129   0.818179
-0.410922   0.647857   0.815744
-0.410883   0.620062   0.794039
-0.410862   0.627807   0.79859
-0.410852   0.6297   0.800394
-0.410845   0.642614   0.819643
-0.410818   0.652969   0.787462
-0.410627   0.657628   0.81204
-0.410604   0.629144   0.802934
-0.410603   0.650741   0.819594
-0.410566   0.635338   0.787909
-0.410523   0.650925   0.809153
-0.410516   0.63287   0.783619
-0.410515   0.643803   0.771668
-0.410346   0.637745   0.781049
-0.410298   0.639469   0.808591
-0.410142   0.650992   0.808563
-0.410119   0.650351   0.798247
-0.410114   0.650194   0.812596
-0.409939   0.624712   0.787747
-0.409896   0.644048   0.789511
-0.409845   0.650928   0.816644
-0.409826   0.620624   0.780813
-0.409821   0.6381   0.810579
-0.409806   0.624031   0.804299
-0.40979   0.639853   0.772609
-0.409752   0.640641   0.771215
-0.409746   0.638422   0.818132
-0.409714   0.633461   0.800007
-0.409676   0.624223   0.805876
-0.409637   0.645382   0.776824
-0.409622   0.625051   0.807961
-0.409569   0.639467   0.813659
-0.409335   0.646982   0.77401
-0.409286   0.642355   0.814452
-0.409285   0.628441   0.772763
-0.409178   0.621642   0.794296
-0.409175   0.658953   0.805727
-0.409174   0.657153   0.799873
-0.409055   0.634614   0.792909
-0.408921   0.652855   0.806375
-0.408907   0.654675   0.785279
-0.408903   0.622066   0.794207
-0.408863   0.649344   0.817016
-0.40882   0.644178   0.790301
-0.408756   0.643394   0.802978
-0.408752   0.656469   0.788875
-0.408724   0.625588   0.805528
-0.408719   0.620552   0.798447
-0.408707   0.652814   0.78766
-0.408609   0.657266   0.797912
-0.408604   0.637246   0.812098
-0.408573   0.643206   0.788161
-0.408568   0.649574   0.771694
-0.408567   0.644301   0.809187
-0.408387   0.655018   0.791184
-0.408339   0.64283   0.773475
-0.408325   0.638046   0.783446
-0.408283   0.633459   0.772041
-0.408268   0.642841   0.806739
-0.408258   0.650611   0.781924
-0.40825   0.656849   0.785283
-0.408245   0.637138   0.787707
-0.408237   0.62864   0.799609
-0.408233   0.657529   0.780233
-0.408222   0.628556   0.7732
-0.408214   0.637624   0.79111
-0.408196   0.653922   0.788552
-0.408179   0.651978   0.797825
-0.408139   0.631656   0.818284
-0.408117   0.623847   0.813797
-0.408078   0.655733   0.805189
-0.407979   0.626185   0.809721
-0.407953   0.642718   0.771336
-0.407836   0.630195   0.787787
-0.407834   0.649441   0.792089
-0.407821   0.643829   0.813419
-0.407726   0.652993   0.777324
-0.407709   0.637541   0.807168
-0.407691   0.65752   0.795144
-0.407664   0.658448   0.815204
-0.407635   0.648579   0.786158
-0.407614   0.659903   0.809225
-0.40755   0.633981   0.774704
-0.407508   0.634541   0.777152
-0.407393   0.629186   0.803421
-0.407365   0.643522   0.786427
-0.407356   0.646769   0.799652
-0.407335   0.655264   0.773302
-0.407327   0.620691   0.784681
-0.407273   0.634521   0.775436
-0.407269   0.641718   0.775809
-0.407232   0.628069   0.817813
-0.40722   0.632112   0.78871
-0.407218   0.6582   0.814914
-0.407206   0.62077   0.798529
-0.407171   0.627416   0.776873
-0.407171   0.63165   0.780924
-0.407144   0.642212   0.796165
-0.407137   0.653439   0.780053
-0.407075   0.642225   0.800591
-0.407065   0.630011   0.785382
-0.407049   0.624762   0.78104
-0.407023   0.645746   0.780118
-0.40693   0.652473   0.804169
-0.40692   0.657867   0.797555
-0.406892   0.655771   0.781835
-0.406891   0.62119   0.818088
-0.406888   0.644072   0.784126
-0.406877   0.658812   0.799482
-0.406873   0.632414   0.807331
-0.406834   0.630927   0.798265
-0.406817   0.634697   0.814265
-0.406816   0.639199   0.77768
-0.406806   0.640947   0.797019
-0.406801   0.649435   0.79989
-0.406792   0.638075   0.789684
-0.406736   0.647447   0.781965
-0.406723   0.636597   0.813127
-0.406667   0.654488   0.790521
-0.406615   0.621708   0.782282
-0.406609   0.641012   0.794138
-0.406496   0.6476   0.817248
-0.406492   0.654874   0.808855
-0.40648   0.654138   0.809859
-0.406447   0.649446   0.77054
-0.40644   0.632975   0.799012
-0.406361   0.642692   0.79028
-0.406337   0.634854   0.807921
-0.406312   0.639974   0.815963
-0.406283   0.632777   0.811958
-0.406279   0.629652   0.773781
-0.406243   0.62005   0.817691
-0.406235   0.644787   0.800269
-0.40621   0.652978   0.797394
-0.406152   0.64766   0.794714
-0.406134   0.656578   0.785047
-0.406132   0.62085   0.811574
-0.40613   0.641472   0.817318
-0.406129   0.642751   0.783747
-0.406105   0.651625   0.780741
-0.406092   0.647832   0.77386
-0.406043   0.622924   0.798174
-0.405942   0.644804   0.780712
-0.405938   0.639786   0.782252
-0.405936   0.651015   0.814983
-0.405833   0.64318   0.778609
-0.405829   0.641323   0.773681
-0.405827   0.649364   0.808154
-0.40581   0.627148   0.815673
-0.405806   0.627117   0.779856
-0.405764   0.64695   0.813705
-0.405749   0.653732   0.77382
-0.405663   0.647608   0.815044
-0.405622   0.634168   0.814317
-0.405604   0.644925   0.795228
-0.405603   0.62346   0.816155
-0.405565   0.626484   0.780334
-0.405528   0.624932   0.806484
-0.405519   0.636336   0.794241
-0.405467   0.632863   0.771104
-0.405383   0.640979   0.809556
-0.405347   0.626586   0.819246
-0.40526   0.658146   0.815084
-0.405201   0.632322   0.773465
-0.405201   0.640525   0.80948
-0.405162   0.629308   0.781191
-0.405151   0.647107   0.793134
-0.405123   0.625478   0.806427
-0.40511   0.630329   0.812444
-0.405064   0.652754   0.772687
-0.405044   0.640916   0.792622
-0.405033   0.652489   0.788136
-0.405024   0.638166   0.79434
-0.404976   0.648768   0.816305
-0.404968   0.624501   0.795822
-0.40494   0.6543   0.783487
-0.404906   0.629922   0.786257
-0.404805   0.631788   0.803692
-0.404766   0.633572   0.788627
-0.404745   0.638493   0.814651
-0.404738   0.652753   0.805955
-0.404677   0.630228   0.814806
-0.404671   0.65192   0.793309
-0.404668   0.645047   0.78361
-0.404667   0.64578   0.815079
-0.404635   0.641914   0.771025
-0.404625   0.644773   0.789301
-0.404612   0.632292   0.803476
-0.404605   0.654516   0.788598
-0.404586   0.641565   0.795111
-0.404585   0.651928   0.804054
-0.404555   0.658608   0.796241
-0.404521   0.65217   0.806261
-0.404465   0.642238   0.799405
-0.404452   0.640854   0.811444
-0.404431   0.626126   0.799284
-0.404422   0.624749   0.798966
-0.404417   0.648345   0.787021
-0.404396   0.643407   0.818567
-0.404372   0.631505   0.791404
-0.404317   0.656745   0.778403
-0.404301   0.639025   0.786363
-0.404291   0.652723   0.794336
-0.404267   0.652774   0.813704
-0.404177   0.624172   0.775844
-0.404163   0.642061   0.782719
-0.404157   0.630285   0.800986
-0.404143   0.63327   0.778194
-0.40412   0.621279   0.805356
-0.404038   0.629423   0.779816
-0.404012   0.649923   0.786418
-0.403995   0.65491   0.818694
-0.403931   0.642246   0.78045
-0.403902   0.635047   0.795423
-0.403899   0.622135   0.818993
-0.40389   0.643119   0.8189
-0.403861   0.655977   0.779894
-0.403857   0.635953   0.771122
-0.403856   0.626408   0.784528
-0.403846   0.658656   0.780642
-0.403842   0.633875   0.777468
-0.403824   0.621237   0.77909
-0.403822   0.632325   0.780426
-0.403794   0.635467   0.795357
-0.403773   0.634823   0.790964
-0.403773   0.637901   0.783612
-0.403728   0.647667   0.793973
-0.403725   0.649486   0.771228
-0.403711   0.625845   0.806449
-0.403687   0.650979   0.81019
-0.403658   0.621391   0.777174
-0.403654   0.645998   0.816412
-0.403641   0.641808   0.800861
-0.403639   0.641628   0.805961
-0.403608   0.623024   0.784316
-0.403605   0.643568   0.788381
-0.403568   0.644154   0.785187
-0.403566   0.631944   0.789905
-0.403562   0.640281   0.770931
-0.403553   0.658272   0.779994
-0.403541   0.644951   0.806201
-0.403533   0.651415   0.778967
-0.403468   0.656014   0.802752
-0.403432   0.635922   0.811665
-0.403354   0.621363   0.77749
-0.403315   0.65569   0.778779
-0.403313   0.643286   0.818267
-0.403284   0.636263   0.795066
-0.403276   0.628754   0.800969
-0.403238   0.632219   0.792833
-0.403209   0.632366   0.795081
-0.403198   0.631074   0.803671
-0.403169   0.643794   0.778158
-0.403125   0.636329   0.785295
-0.40312   0.638663   0.781865
-0.40312   0.657247   0.798976
-0.403119   0.620745   0.80572
-0.403104   0.628624   0.784527
-0.403089   0.631547   0.812352
-0.403065   0.629621   0.819616
-0.403036   0.622899   0.798975
-0.40299   0.642871   0.80463
-0.402976   0.623101   0.797226
-0.402965   0.623119   0.771968
-0.402896   0.627857   0.788913
-0.402881   0.629991   0.78113
-0.40287   0.637841   0.773317
-0.402863   0.6599   0.806606
-0.402854   0.655617   0.790024
-0.40283   0.657759   0.804357
-0.402827   0.659281   0.77463
-0.40282   0.638319   0.799851
-0.402818   0.636299   0.799985
-0.402814   0.647338   0.817051
-0.4028   0.623566   0.79602
-0.402759   0.629278   0.775241
-0.402717   0.653793   0.792372
-0.402715   0.644879   0.77548
-0.402691   0.631386   0.771719
-0.40269   0.628116   0.806535
-0.402675   0.647415   0.810904
-0.40266   0.65492   0.783577
-0.402651   0.638686   0.770758
-0.40263   0.624213   0.795942
-0.402626   0.6435   0.792931
-0.402589   0.650289   0.802731
-0.402569   0.639058   0.805955
-0.402566   0.642132   0.778679
-0.402561   0.658858   0.808814
-0.402522   0.63773   0.794775
-0.402521   0.644035   0.79815
-0.402482   0.637348   0.778539
-0.402457   0.649139   0.811813
-0.40237   0.641074   0.799067
-0.402366   0.635732   0.814574
-0.40234   0.620498   0.810993
-0.402331   0.627552   0.791501
-0.402316   0.65308   0.770535
-0.402302   0.649485   0.817317
-0.402288   0.644512   0.804381
-0.402266   0.623113   0.785767
-0.40226   0.635409   0.812997
-0.402255   0.65623   0.776942
-0.402249   0.649779   0.774733
-0.402224   0.640744   0.794843
-0.402208   0.624626   0.787427
-0.402198   0.637586   0.781328
-0.402196   0.623808   0.775326
-0.402188   0.622559   0.800923
-0.402163   0.643874   0.778056
-0.402142   0.632056   0.776382
-0.402135   0.632482   0.791874
-0.402127   0.656203   0.770993
-0.402111   0.627213   0.785559
-0.402104   0.633293   0.791423
-0.402064   0.64368   0.785512
-0.402052   0.622993   0.774495
-0.402035   0.657878   0.813289
-0.402014   0.645379   0.788318
-0.401988   0.629885   0.808418
-0.40198   0.641149   0.804787
-0.401935   0.634809   0.796148
-0.401932   0.637386   0.796612
-0.401914   0.656124   0.777013
-0.401904   0.624576   0.817093
-0.401887   0.649951   0.810111
-0.401865   0.634831   0.809316
-0.401854   0.649301   0.81242
-0.401843   0.639012   0.809224
-0.40184   0.649628   0.793813
-0.40183   0.642142   0.774123
-0.401824   0.644183   0.78784
-0.40181   0.652162   0.805134
-0.401808   0.644622   0.801971
-0.401805   0.6535   0.816015
-0.401783   0.625114   0.794186
-0.401756   0.649425   0.779195
-0.401723   0.651766   0.804092
-0.401682   0.651496   0.819378
-0.40168   0.6272   0.77308
-0.401668   0.644723   0.777696
-0.401666   0.642618   0.774173
-0.401612   0.645527   0.776449
-0.401606   0.651516   0.818678
-0.401558   0.645049   0.808136
-0.40155   0.632977   0.802101
-0.401539   0.658173   0.797618
-0.401529   0.646431   0.786437
-0.401512   0.629348   0.775563
-0.401425   0.641664   0.789843
-0.401416   0.622657   0.802565
-0.401399   0.621771   0.795094
-0.401392   0.634568   0.812113
-0.401384   0.639649   0.770199
-0.401377   0.644396   0.772886
-0.401369   0.633641   0.801765
-0.401348   0.654251   0.797505
-0.401326   0.63799   0.807082
-0.40131   0.658986   0.80055
-0.401284   0.630951   0.796371
-0.40119   0.631245   0.790774
-0.401182   0.629322   0.771447
-0.401164   0.659793   0.792508
-0.401162   0.632536   0.784344
-0.401139   0.621807   0.804445
-0.401137   0.653673   0.787341
-0.401135   0.622171   0.771259
-0.401135   0.641394   0.781283
-0.401132   0.646746   0.77565
-0.401121   0.632532   0.813292
-0.401119   0.658403   0.798226
-0.401092   0.641161   0.770266
-0.401057   0.653251   0.79698
-0.401004   0.649594   0.811911
-0.400999   0.624755   0.788412
-0.400968   0.64455   0.776941
-0.400963   0.634711   0.781472
-0.40094   0.639607   0.807094
-0.400906   0.621546   0.805538
-0.400901   0.647497   0.811171
-0.400893   0.64779   0.796411
-0.400854   0.625977   0.818992
-0.400825   0.648749   0.771407
-0.400759   0.63945   0.810736
-0.400756   0.651333   0.786293
-0.400708   0.641616   0.776955
-0.400705   0.659915   0.774891
-0.400694   0.620109   0.794902
-0.400691   0.630215   0.808759
-0.400645   0.652887   0.799096
-0.400625   0.654841   0.790531
-0.400601   0.629304   0.773957
-0.400583   0.640105   0.772454
-0.40053   0.622408   0.78618
-0.400507   0.623246   0.775821
-0.400489   0.650578   0.784686
-0.400423   0.63098   0.816921
-0.400408   0.651561   0.816329
-0.400393   0.636473   0.782607
-0.400348   0.625241   0.806309
-0.40033   0.630282   0.813686
-0.400321   0.653395   0.785913
-0.400297   0.656767   0.78268
-0.40028   0.635795   0.817745
-0.400275   0.635047   0.788023
-0.400252   0.652767   0.791227
-0.400224   0.639391   0.796915
-0.400194   0.636664   0.789193
-0.400164   0.645472   0.788282
-0.400139   0.620427   0.807597
-0.40013   0.626391   0.807264
-0.400092   0.640045   0.797893
-0.400086   0.621838   0.81757
-0.400065   0.620173   0.809765
-0.400062   0.634441   0.791872
-0.400053   0.657427   0.781267
-0.40003   0.628542   0.79491
-0.400017   0.657911   0.798405
-0.400006   0.627145   0.791586
-0.399941   0.63599   0.785874
-0.399906   0.624659   0.797638
-0.399899   0.648848   0.797903
-0.399893   0.641717   0.790355
-0.399825   0.631782   0.811198
-0.399808   0.640246   0.79748
-0.399776   0.648239   0.817947
-0.39973   0.646254   0.775396
-0.399701   0.635066   0.813203
-0.399689   0.645501   0.819061
-0.39968   0.620973   0.790221
-0.399658   0.654822   0.775996
-0.399653   0.648255   0.778595
-0.399643   0.621621   0.802848
-0.399596   0.632341   0.794941
-0.399568   0.622838   0.816092
-0.399547   0.635278   0.783555
-0.399534   0.635659   0.791922
-0.399505   0.646881   0.795142
-0.399471   0.635469   0.794908
-0.39947   0.653724   0.808204
-0.399467   0.640582   0.78379
-0.399461   0.630198   0.772667
-0.399452   0.631493   0.78844
-0.399425   0.633093   0.774287
-0.399422   0.652745   0.798288
-0.399385   0.657165   0.800172
-0.399366   0.643163   0.797589
-0.399353   0.627972   0.806569
-0.399352   0.624923   0.801603
-0.399336   0.621198   0.792145
-0.399334   0.647754   0.802261
-0.399334   0.623933   0.792272
-0.399327   0.630299   0.797965
-0.399288   0.628548   0.776834
-0.399283   0.629565   0.7862
-0.399266   0.633122   0.818345
-0.399207   0.622208   0.806477
-0.399157   0.631207   0.786479
-0.399155   0.653008   0.789073
-0.399154   0.648851   0.819988
-0.399139   0.635301   0.813732
-0.399138   0.630825   0.770708
-0.399111   0.658017   0.819308
-0.399068   0.654134   0.794309
-0.399063   0.621981   0.779921
-0.399052   0.628916   0.78001
-0.399031   0.633022   0.797905
-0.399021   0.633597   0.809971
-0.399002   0.623036   0.780438
-0.398973   0.634641   0.770186
-0.398948   0.623476   0.801422
-0.39893   0.642654   0.81925
-0.398929   0.622085   0.770325
-0.398924   0.63552   0.79625
-0.398913   0.634132   0.783844
-0.398879   0.651106   0.812059
-0.398817   0.650918   0.783159
-0.3988   0.631555   0.804904
-0.398786   0.622189   0.775012
-0.398783   0.641987   0.794945
-0.398758   0.636137   0.799276
-0.398751   0.656925   0.796485
-0.398724   0.65858   0.783404
-0.398714   0.634564   0.78815
-0.398711   0.639302   0.799095
-0.398709   0.626584   0.782753
-0.398705   0.641605   0.785949
-0.398654   0.635685   0.790243
-0.398624   0.655179   0.796091
-0.39862   0.659725   0.770907
-0.398599   0.629509   0.819449
-0.39859   0.625624   0.78649
-0.398581   0.635948   0.791782
-0.398573   0.627244   0.784359
-0.398558   0.630273   0.780331
-0.398547   0.656461   0.795573
-0.398501   0.627764   0.814695
-0.398493   0.649629   0.796098
-0.39846   0.637175   0.816245
-0.398431   0.638348   0.794935
-0.398416   0.640462   0.781643
-0.398404   0.656732   0.782194
-0.39836   0.637076   0.810671
-0.398316   0.637172   0.804884
-0.39831   0.648185   0.818808
-0.398297   0.646628   0.800548
-0.398264   0.629537   0.785704
-0.39824   0.637642   0.774856
-0.398224   0.656838   0.792155
-0.398219   0.639949   0.808448
-0.398205   0.657913   0.784435
-0.398189   0.648004   0.813593
-0.398162   0.658416   0.777216
-0.398125   0.651094   0.783473
-0.398074   0.657086   0.814572
-0.398038   0.638599   0.795677
-0.398029   0.652841   0.802309
-0.39802   0.630717   0.781192
-0.398006   0.633001   0.786602
-0.398006   0.657142   0.803519
-0.397951   0.65608   0.808641
-0.397948   0.630776   0.789423
-0.397921   0.649203   0.804226
-0.397915   0.633751   0.792457
-0.397882   0.624132   0.778848
-0.397872   0.628352   0.809347
-0.397859   0.629959   0.792147
-0.397846   0.643861   0.805839
-0.397799   0.637955   0.818278
-0.39779   0.636637   0.796591
-0.397717   0.627077   0.788289
-0.397667   0.644932   0.790839
-0.397665   0.635401   0.787148
-0.397601   0.627127   0.77145
-0.397595   0.641287   0.801114
-0.397572   0.650227   0.808069
-0.397562   0.622853   0.781594
-0.397557   0.62302   0.774579
-0.397535   0.655298   0.770946
-0.397491   0.658423   0.789335
-0.39746   0.639109   0.796837
-0.397439   0.625276   0.799444
-0.397412   0.632664   0.809326
-0.397405   0.624586   0.789538
-0.397375   0.626968   0.800609
-0.397355   0.627444   0.782985
-0.397337   0.621856   0.79805
-0.397322   0.648526   0.772426
-0.397295   0.630367   0.79577
-0.397243   0.621567   0.811438
-0.397235   0.637333   0.774492
-0.397219   0.632326   0.784282
-0.39718   0.639089   0.810938
-0.397148   0.646445   0.819461
-0.397099   0.656384   0.77514
-0.397094   0.6398   0.774216
-0.39708   0.651607   0.803679
-0.397071   0.646577   0.792896
-0.397058   0.636005   0.804316
-0.397048   0.630561   0.78298
-0.397047   0.634552   0.787624
-0.39699   0.656045   0.813553
-0.396975   0.640144   0.780262
-0.396964   0.654517   0.781322
-0.396956   0.635084   0.817146
-0.396941   0.632714   0.79304
-0.396921   0.626071   0.819933
-0.396887   0.631617   0.81724
-0.396874   0.637116   0.770124
-0.396856   0.641702   0.792735
-0.396852   0.624859   0.797605
-0.396848   0.627665   0.786657
-0.396835   0.626249   0.793525
-0.396796   0.633497   0.803175
-0.396765   0.632559   0.793504
-0.396754   0.627226   0.785112
-0.396752   0.620593   0.787812
-0.396741   0.643098   0.813963
-0.39674   0.641788   0.8135
-0.396681   0.652175   0.776354
-0.396675   0.632118   0.807331
-0.396653   0.624313   0.806058
-0.396627   0.635143   0.819909
-0.396596   0.623926   0.794036
-0.396577   0.653717   0.780254
-0.396541   0.640032   0.818776
-0.396527   0.628005   0.785876
-0.396525   0.629615   0.809077
-0.396522   0.63637   0.785565
-0.396501   0.625659   0.782543
-0.396497   0.658294   0.800644
-0.396486   0.638862   0.811133
-0.396475   0.638186   0.789116
-0.396307   0.651224   0.79972
-0.396287   0.646088   0.772103
-0.396284   0.651487   0.805994
-0.396233   0.65449   0.799847
-0.396171   0.655375   0.785324
-0.39616   0.657121   0.813088
-0.396152   0.655406   0.814419
-0.396126   0.65026   0.791888
-0.396097   0.641192   0.784905
-0.39608   0.643205   0.771394
-0.396008   0.653068   0.816299
-0.395992   0.647402   0.787352
-0.395989   0.629985   0.797659
-0.395982   0.621083   0.788605
-0.395977   0.652963   0.788412
-0.395976   0.647965   0.796005
-0.395868   0.652439   0.80249
-0.395852   0.658674   0.77167
-0.395791   0.622795   0.816624
-0.39579   0.659135   0.78034
-0.395688   0.620064   0.774485
-0.395679   0.62746   0.796919
-0.395678   0.632722   0.803987
-0.395651   0.624979   0.779658
-0.39565   0.650324   0.805574
-0.395633   0.623126   0.778655
-0.395605   0.631782   0.791371
-0.395603   0.627113   0.772137
-0.395599   0.636784   0.80488
-0.395583   0.655598   0.789864
-0.395554   0.654606   0.815314
-0.395543   0.654926   0.78157
-0.395541   0.658763   0.805338
-0.395531   0.640185   0.81643
-0.395528   0.628123   0.78713
-0.395527   0.625728   0.816056
-0.395517   0.645466   0.813522
-0.39548   0.644915   0.772105
-0.395414   0.625201   0.778476
-0.395379   0.649465   0.819094
-0.395339   0.655051   0.795208
-0.395321   0.658228   0.815915
-0.395314   0.624848   0.791491
-0.395284   0.636894   0.794988
-0.39525   0.658021   0.807738
-0.395232   0.652153   0.785498
-0.395205   0.655173   0.794278
-0.395176   0.639624   0.791711
-0.395164   0.62869   0.797037
-0.395159   0.634232   0.779291
-0.395142   0.639467   0.799944
-0.395137   0.654946   0.791407
-0.395136   0.622521   0.787214
-0.395133   0.657148   0.778647
-0.395101   0.643573   0.776374
-0.395088   0.646772   0.813873
-0.395086   0.634314   0.804099
-0.395081   0.632365   0.777014
-0.395073   0.659924   0.78603
-0.395065   0.636824   0.812584
-0.395062   0.637281   0.81567
-0.395062   0.647149   0.812711
-0.395051   0.637609   0.790017
-0.395049   0.652418   0.788406
-0.395047   0.630717   0.791874
-0.395038   0.626794   0.790088
-0.395033   0.657364   0.775781
-0.395028   0.639396   0.7811
-0.394991   0.624814   0.816116
-0.394986   0.650412   0.784953
-0.394979   0.639549   0.779737
-0.394977   0.657009   0.813406
-0.394952   0.62207   0.79829
-0.394939   0.646038   0.789248
-0.394915   0.632825   0.782712
-0.3949   0.632964   0.775352
-0.394851   0.641864   0.793769
-0.39485   0.62924   0.806314
-0.394834   0.625165   0.785582
-0.394778   0.620059   0.778936
-0.394772   0.623461   0.78291
-0.394771   0.634543   0.818686
-0.394757   0.622565   0.810679
-0.39475   0.630908   0.779622
-0.394722   0.645469   0.772072
-0.394722   0.628611   0.808156
-0.394675   0.635695   0.791537
-0.39463   0.630307   0.801044
-0.394622   0.621127   0.79002
-0.394611   0.643113   0.81969
-0.394605   0.639195   0.804383
-0.394598   0.631584   0.780731
-0.394584   0.632123   0.772236
-0.394581   0.64026   0.80235
-0.394576   0.652935   0.8127
-0.394567   0.630196   0.816968
-0.39456   0.6466   0.811711
-0.394543   0.653549   0.806033
-0.394528   0.653026   0.782735
-0.394526   0.623154   0.799438
-0.394515   0.657035   0.817012
-0.394506   0.626485   0.780816
-0.394469   0.659578   0.798935
-0.394452   0.658941   0.777343
-0.394437   0.648141   0.795801
-0.39443   0.650694   0.810996
-0.394404   0.654387   0.810967
-0.394403   0.647376   0.787091
-0.3944   0.633674   0.800133
-0.394389   0.653133   0.807859
-0.394376   0.633457   0.818375
-0.394329   0.633789   0.809346
-0.394321   0.621465   0.817299
-0.394319   0.65362   0.780684
-0.394316   0.647554   0.785616
-0.39429   0.655252   0.811902
-0.394286   0.639176   0.806694
-0.394283   0.648382   0.778642
-0.394253   0.659847   0.795697
-0.394251   0.624194   0.809982
-0.394245   0.638298   0.799985
-0.394241   0.657478   0.775354
-0.39421   0.638548   0.789754
-0.394186   0.631137   0.796422
-0.394161   0.63391   0.818499
-0.394147   0.631933   0.791245
-0.39414   0.64291   0.817596
-0.39413   0.659794   0.781204
-0.394101   0.627877   0.812065
-0.394085   0.658334   0.806229
-0.394076   0.627679   0.776888
-0.394041   0.645145   0.786372
-0.394034   0.624842   0.815803
-0.394016   0.636774   0.810766
-0.39399   0.645508   0.787016
-0.393984   0.639957   0.77253
-0.393931   0.62312   0.800872
-0.393911   0.637026   0.814287
-0.393847   0.656776   0.811082
-0.393835   0.643617   0.770456
-0.393819   0.639808   0.781203
-0.393805   0.657247   0.804385
-0.393791   0.639726   0.773008
-0.393772   0.658062   0.813907
-0.393747   0.643203   0.808778
-0.393732   0.649489   0.800715
-0.393729   0.639533   0.796018
-0.393722   0.627023   0.777675
-0.393699   0.650739   0.793965
-0.393694   0.624699   0.795208
-0.393684   0.621047   0.798758
-0.393678   0.638339   0.796166
-0.393669   0.620292   0.805451
-0.393656   0.653044   0.77978
-0.393647   0.633498   0.817837
-0.393621   0.634875   0.799832
-0.3936   0.654147   0.801001
-0.393545   0.659531   0.797787
-0.393465   0.657977   0.770925
-0.393456   0.627647   0.777461
-0.393453   0.648056   0.787159
-0.39345   0.656255   0.792973
-0.393427   0.631441   0.794075
-0.393414   0.647763   0.796579
-0.39341   0.635139   0.794636
-0.393396   0.658422   0.816731
-0.393367   0.658637   0.80866
-0.393358   0.629686   0.805417
-0.393342   0.648024   0.795375
-0.39334   0.649486   0.805089
-0.393329   0.634111   0.808549
-0.393327   0.638005   0.798512
-0.39332   0.641805   0.77991
-0.393296   0.645888   0.803812
-0.393288   0.63608   0.784523
-0.393244   0.655113   0.774358
-0.393243   0.629925   0.792061
-0.393225   0.624612   0.802694
-0.393225   0.647961   0.787657
-0.393216   0.639151   0.783468
-0.393207   0.658952   0.783126
-0.393183   0.627497   0.812848
-0.393182   0.634264   0.803767
-0.393161   0.626288   0.792553
-0.39314   0.65425   0.819128
-0.393115   0.657227   0.817667
-0.393111   0.629968   0.789376
-0.393099   0.645657   0.815504
-0.393098   0.651559   0.799162
-0.393081   0.622831   0.796566
-0.39307   0.6486   0.799845
-0.393036   0.626798   0.78426
-0.393031   0.644891   0.797042
-0.393019   0.656761   0.793664
-0.393018   0.658364   0.802494
-0.392982   0.634377   0.778341
-0.392973   0.635194   0.783778
-0.39296   0.652029   0.785057
-0.392947   0.63611   0.812839
-0.392943   0.623436   0.797093
-0.392932   0.648495   0.785726
-0.392893   0.635769   0.787067
-0.392881   0.636718   0.795178
-0.392878   0.644464   0.805022
-0.392868   0.632059   0.785952
-0.392855   0.628706   0.801551
-0.392845   0.646488   0.789276
-0.392814   0.633724   0.809151
-0.392811   0.643706   0.81928
-0.392805   0.649885   0.794317
-0.392785   0.645423   0.774184
-0.392776   0.658987   0.80687
-0.392773   0.635271   0.816315
-0.392769   0.631407   0.795627
-0.392759   0.621582   0.772207
-0.392737   0.624167   0.77695
-0.392712   0.638353   0.779427
-0.392695   0.658442   0.81831
-0.392679   0.64792   0.810217
-0.392677   0.62735   0.803185
-0.392641   0.643378   0.776644
-0.392622   0.636149   0.773592
-0.39261   0.625291   0.786707
-0.392586   0.634419   0.818122
-0.392573   0.634535   0.809138
-0.39257   0.652317   0.81486
-0.392555   0.647655   0.775568
-0.392531   0.624857   0.799797
-0.392512   0.63957   0.804433
-0.392503   0.644527   0.802851
-0.392481   0.624869   0.802313
-0.392481   0.658338   0.78892
-0.392433   0.65368   0.790794
-0.392417   0.629666   0.819829
-0.392414   0.637808   0.791654
-0.392401   0.648803   0.772386
-0.392371   0.649753   0.797412
-0.392361   0.644041   0.815908
-0.392343   0.625737   0.803706
-0.392305   0.646646   0.809442
-0.392303   0.6331   0.778039
-0.392284   0.645673   0.782982
-0.392281   0.628137   0.803448
-0.392273   0.620409   0.77143
-0.392266   0.633367   0.816086
-0.392214   0.625311   0.792227
-0.392213   0.651677   0.817816
-0.392212   0.623227   0.794012
-0.392208   0.659532   0.77619
-0.392205   0.623804   0.796385
-0.392199   0.632623   0.771295
-0.392192   0.656071   0.785711
-0.392144   0.628592   0.811583
-0.392141   0.624735   0.813352
-0.392113   0.653111   0.770097
-0.392109   0.646954   0.793966
-0.392108   0.622309   0.810076
-0.392102   0.649293   0.796357
-0.392092   0.635104   0.772097
-0.392088   0.652667   0.799578
-0.392084   0.648015   0.814088
-0.392077   0.623029   0.79593
-0.392067   0.640511   0.779581
-0.392042   0.63758   0.796853
-0.392024   0.633319   0.791773
-0.392023   0.626085   0.784639
-0.392008   0.650701   0.774409
-0.391971   0.651312   0.775681
-0.391964   0.625079   0.787355
-0.391933   0.655653   0.810397
-0.391876   0.639841   0.811594
-0.391871   0.655458   0.775087
-0.391853   0.645961   0.7914
-0.39185   0.644385   0.778421
-0.391849   0.635792   0.777535
-0.391845   0.633761   0.770516
-0.391841   0.65749   0.808618
-0.391834   0.626825   0.815729
-0.391819   0.641013   0.770359
-0.391802   0.644651   0.776562
-0.391801   0.63497   0.807652
-0.391775   0.628228   0.81511
-0.391762   0.640063   0.784799
-0.391745   0.633709   0.78836
-0.39174   0.657986   0.807909
-0.39174   0.657925   0.802479
-0.391736   0.655251   0.775573
-0.391704   0.630552   0.797421
-0.391704   0.6402   0.77678
-0.39168   0.645384   0.770407
-0.391652   0.622308   0.813793
-0.391645   0.634477   0.815849
-0.391599   0.639862   0.797681
-0.391579   0.651854   0.774666
-0.391565   0.646701   0.776542
-0.391558   0.631783   0.81477
-0.391552   0.644208   0.787844
-0.391428   0.641889   0.809976
-0.391427   0.620343   0.78079
-0.391412   0.620391   0.810284
-0.391381   0.625822   0.817751
-0.391361   0.646554   0.812119
-0.391338   0.626732   0.809343
-0.391332   0.655206   0.794588
-0.391312   0.62078   0.819575
-0.391299   0.63531   0.814115
-0.391243   0.621967   0.800512
-0.391241   0.647815   0.81041
-0.391199   0.65754   0.776912
-0.391174   0.654672   0.81745
-0.391173   0.624059   0.81643
-0.391145   0.657391   0.795734
-0.391142   0.636708   0.792055
-0.39114   0.622583   0.790005
-0.391126   0.650772   0.808825
-0.391123   0.640138   0.802774
-0.391119   0.658808   0.80639
-0.391099   0.634946   0.794712
-0.391083   0.631719   0.795606
-0.391073   0.658303   0.773712
-0.391042   0.652066   0.804724
-0.391022   0.631711   0.777104
-0.390983   0.645003   0.787939
-0.390971   0.651924   0.787528
-0.390967   0.640468   0.795186
-0.390878   0.622724   0.819509
-0.390868   0.628117   0.803233
-0.390849   0.633478   0.786128
-0.390843   0.651022   0.815389
-0.390842   0.625383   0.801644
-0.390794   0.633633   0.78101
-0.390794   0.631859   0.781866
-0.390764   0.651038   0.800574
-0.39074   0.652963   0.807585
-0.39073   0.65564   0.805951
-0.390667   0.655654   0.770827
-0.390661   0.638194   0.791614
-0.390649   0.647161   0.779539
-0.390597   0.656867   0.819809
-0.390527   0.654332   0.80297
-0.390491   0.63911   0.791124
-0.390481   0.655043   0.804462
-0.390476   0.650888   0.819413
-0.390471   0.651129   0.81493
-0.390467   0.636009   0.796853
-0.390464   0.631703   0.819184
-0.39044   0.643506   0.800723
-0.390427   0.639792   0.782452
-0.390408   0.636808   0.796776
-0.39037   0.640971   0.800158
-0.390281   0.640457   0.81898
-0.390274   0.63815   0.799744
-0.390271   0.64556   0.790719
-0.390252   0.624456   0.812469
-0.390251   0.641589   0.819751
-0.390245   0.642519   0.80046
-0.390244   0.641855   0.791328
-0.390241   0.64211   0.793677
-0.390209   0.638494   0.809552
-0.390206   0.658082   0.800552
-0.390184   0.634318   0.772573
-0.390156   0.629857   0.811797
-0.390156   0.643077   0.773463
-0.390152   0.620491   0.775032
-0.390143   0.632033   0.80048
-0.390138   0.6467   0.770957
-0.390026   0.645506   0.772396
-0.389978   0.654078   0.784699
-0.389952   0.636171   0.796836
-0.38994   0.647609   0.806158
-0.38993   0.636945   0.816597
-0.38991   0.622156   0.777575
-0.389905   0.624038   0.802023
-0.389879   0.638657   0.773158
-0.389878   0.628757   0.805044
-0.389876   0.649098   0.779591
-0.389866   0.634353   0.786501
-0.389859   0.654884   0.779373
-0.389821   0.625026   0.806173
-0.389801   0.621686   0.811398
-0.389768   0.620571   0.785884
-0.389747   0.634731   0.78049
-0.389721   0.631135   0.792322
-0.38972   0.645433   0.78012
-0.389655   0.6207   0.79051
-0.389642   0.626362   0.801222
-0.389617   0.646992   0.776206
-0.389612   0.624278   0.789753
-0.389612   0.642852   0.771409
-0.389601   0.621856   0.792402
-0.389591   0.629979   0.789498
-0.389572   0.637163   0.787356
-0.389564   0.656399   0.811473
-0.389552   0.626955   0.799567
-0.38953   0.635232   0.774118
-0.389529   0.620487   0.792283
-0.389505   0.628131   0.785398
-0.389492   0.641186   0.788418
-0.389484   0.652072   0.815461
-0.389461   0.62322   0.773205
-0.389459   0.626976   0.814733
-0.389407   0.644283   0.774294
-0.389405   0.644277   0.803832
-0.389405   0.640518   0.781787
-0.389402   0.63283   0.798315
-0.389383   0.639253   0.816902
-0.389347   0.631912   0.787258
-0.389335   0.644048   0.811826
-0.389334   0.659734   0.808524
-0.389332   0.624339   0.781021
-0.389331   0.627628   0.800985
-0.389313   0.652095   0.791763
-0.389276   0.622286   0.78281
-0.389264   0.644692   0.793806
-0.389244   0.633791   0.792589
-0.389236   0.64447   0.783307
-0.389219   0.62938   0.795409
-0.389218   0.631085   0.805119
-0.389209   0.631944   0.806123
-0.389198   0.635468   0.786486
-0.389161   0.65921   0.773227
-0.389147   0.645148   0.813329
-0.389141   0.627158   0.770365
-0.389125   0.625423   0.78665
-0.389115   0.637379   0.771602
-0.389107   0.64159   0.813238
-0.389104   0.637423   0.799412
-0.389095   0.65049   0.800353
-0.389084   0.633768   0.785972
-0.389076   0.628979   0.787857
-0.389035   0.659087   0.787813
-0.389033   0.625591   0.781555
-0.389032   0.640612   0.786596
-0.389018   0.622422   0.775219
-0.389017   0.641771   0.801715
-0.388992   0.643084   0.807008
-0.388968   0.63888   0.819194
-0.388953   0.643724   0.78115
-0.388952   0.636051   0.7707
-0.388897   0.659357   0.785065
-0.388865   0.634555   0.781501
-0.388864   0.642544   0.779911
-0.388843   0.640457   0.813166
-0.388787   0.635776   0.77551
-0.388773   0.643864   0.809824
-0.388765   0.635547   0.818844
-0.388758   0.633988   0.78548
-0.388741   0.659925   0.808649
-0.388741   0.652334   0.807778
-0.388734   0.636968   0.782521
-0.388726   0.653413   0.77526
-0.388673   0.634434   0.800057
-0.388671   0.621824   0.819841
-0.388659   0.626128   0.791018
-0.388649   0.623584   0.77417
-0.388647   0.65097   0.803505
-0.388609   0.632586   0.812204
-0.388607   0.657977   0.780161
-0.388595   0.629078   0.779536
-0.388587   0.623876   0.810541
-0.388572   0.642324   0.790706
-0.38857   0.623886   0.815913
-0.388567   0.651091   0.786823
-0.388564   0.636806   0.770567
-0.388549   0.647703   0.770073
-0.388548   0.625919   0.815611
-0.38854   0.636137   0.772656
-0.38854   0.635052   0.800601
-0.388539   0.657663   0.771953
-0.388534   0.623718   0.775278
-0.38845   0.622817   0.786522
-0.388429   0.645672   0.805727
-0.38842   0.643521   0.777062
-0.388415   0.645763   0.818666
-0.388413   0.620558   0.816977
-0.388404   0.634669   0.781642
-0.388391   0.647755   0.817236
-0.388384   0.652035   0.796366
-0.388381   0.654908   0.770898
-0.388372   0.623164   0.812215
-0.388279   0.630943   0.779498
-0.388261   0.657551   0.792689
-0.388251   0.655025   0.807573
-0.38823   0.655273   0.818075
-0.388149   0.633703   0.802045
-0.388088   0.654989   0.802691
-0.388085   0.640119   0.793899
-0.388069   0.647873   0.797146
-0.38806   0.65297   0.796884
-0.388041   0.627859   0.802336
-0.388039   0.62213   0.801854
-0.388016   0.653229   0.811559
-0.388013   0.644141   0.807569
-0.387993   0.626852   0.808358
-0.387963   0.64109   0.807036
-0.38795   0.629261   0.810793
-0.387941   0.632354   0.816619
-0.387932   0.65747   0.783938
-0.387928   0.635991   0.793034
-0.387906   0.649106   0.776647
-0.387899   0.657899   0.786344
-0.387893   0.626065   0.788623
-0.387891   0.640101   0.80958
-0.38789   0.620666   0.817008
-0.387879   0.653834   0.811059
-0.387866   0.638403   0.784291
-0.387843   0.63742   0.789857
-0.387775   0.635259   0.800324
-0.387773   0.628346   0.804362
-0.387766   0.633046   0.773349
-0.387765   0.622016   0.809685
-0.38772   0.632862   0.808252
-0.387679   0.623051   0.779559
-0.387634   0.658622   0.7761
-0.387626   0.653865   0.80462
-0.387625   0.639168   0.773358
-0.387623   0.625601   0.815876
-0.387596   0.634975   0.800043
-0.387572   0.648631   0.79594
-0.387571   0.641006   0.802658
-0.387567   0.639789   0.778863
-0.387565   0.634828   0.78748
-0.387538   0.651225   0.798249
-0.387526   0.643881   0.804996
-0.387519   0.649463   0.777324
-0.387505   0.645111   0.789102
-0.387491   0.643869   0.819216
-0.387486   0.644712   0.781069
-0.387463   0.6393   0.771295
-0.387431   0.646846   0.794206
-0.387403   0.645045   0.792494
-0.387337   0.623381   0.793303
-0.387323   0.627458   0.790385
-0.387287   0.649962   0.782474
-0.387267   0.633747   0.790464
-0.387252   0.632479   0.770876
-0.38725   0.653617   0.773404
-0.387246   0.645173   0.78161
-0.387188   0.657332   0.773232
-0.387184   0.626332   0.815567
-0.38718   0.630409   0.781637
-0.387172   0.643359   0.777803
-0.38714   0.628052   0.782218
-0.387103   0.64484   0.787559
-0.387099   0.64221   0.786148
-0.387086   0.650078   0.794717
-0.38708   0.653318   0.803713
-0.387023   0.626782   0.783036
-0.387014   0.630962   0.793521
-0.386999   0.624855   0.771374
-0.386995   0.650856   0.81438
-0.386929   0.638915   0.800593
-0.386924   0.626508   0.812047
-0.386902   0.658167   0.793569
-0.3869   0.627641   0.813283
-0.386878   0.641719   0.801145
-0.386874   0.631653   0.795855
-0.386828   0.645059   0.782762
-0.386784   0.624951   0.795596
-0.386784   0.632314   0.818333
-0.386735   0.656773   0.770422
-0.386724   0.658561   0.807508
-0.386703   0.640602   0.816851
-0.386702   0.639504   0.813625
-0.386676   0.629297   0.773488
-0.386659   0.62602   0.780212
-0.386645   0.626914   0.770267
-0.386643   0.620617   0.777987
-0.386628   0.627716   0.807735
-0.386608   0.640137   0.774375
-0.386601   0.644634   0.798788
-0.38657   0.623293   0.796316
-0.386555   0.638033   0.802576
-0.386553   0.622257   0.780943
-0.386532   0.622483   0.781167
-0.386516   0.651404   0.814602
-0.386465   0.62085   0.804964
-0.386449   0.641037   0.795229
-0.386441   0.621369   0.798786
-0.386428   0.634381   0.7781
-0.386418   0.633486   0.789831
-0.38639   0.639459   0.800001
-0.386382   0.628291   0.77794
-0.38636   0.654985   0.775167
-0.386354   0.651812   0.780342
-0.386338   0.657266   0.784137
-0.386336   0.630485   0.782017
-0.386315   0.652483   0.792707
-0.386307   0.633645   0.776589
-0.386299   0.645698   0.776647
-0.386298   0.649175   0.787051
-0.386298   0.637065   0.771768
-0.386267   0.630093   0.805717
-0.386242   0.641224   0.772861
-0.38619   0.654878   0.814779
-0.386189   0.633376   0.80368
-0.386173   0.65631   0.777375
-0.38613   0.638501   0.819861
-0.38613   0.626108   0.809783
-0.38612   0.620422   0.796669
-0.386117   0.654838   0.793694
-0.386114   0.65207   0.803326
-0.386096   0.632954   0.811761
-0.386092   0.644412   0.797443
-0.385957   0.644234   0.782985
-0.385952   0.633048   0.794454
-0.38585   0.636339   0.773045
-0.385841   0.627609   0.79294
-0.385822   0.631001   0.816617
-0.385761   0.655526   0.792429
-0.38576   0.621116   0.773922
-0.385726   0.636743   0.793543
-0.385701   0.627551   0.773721
-0.385673   0.635521   0.793491
-0.385668   0.652208   0.781996
-0.385612   0.624978   0.814588
-0.38561   0.642588   0.819028
-0.385574   0.65679   0.780133
-0.385566   0.633582   0.778514
-0.385565   0.648789   0.780456
-0.385529   0.631748   0.811666
-0.385523   0.635302   0.771322
-0.385514   0.623085   0.805936
-0.385473   0.622262   0.816505
-0.385469   0.63138   0.797695
-0.385447   0.651591   0.773217
-0.38544   0.641996   0.78792
-0.385422   0.654659   0.791008
-0.385419   0.63706   0.783714
-0.385406   0.633836   0.777049
-0.385366   0.622285   0.777469
-0.385347   0.625103   0.786941
-0.38527   0.636384   0.808055
-0.385243   0.623651   0.817733
-0.385226   0.657469   0.777618
-0.385222   0.624226   0.800173
-0.385201   0.638614   0.784353
-0.385197   0.64789   0.787653
-0.385128   0.659052   0.773645
-0.385118   0.620055   0.79414
-0.385109   0.623618   0.783596
-0.3851   0.649158   0.814058
-0.385098   0.635554   0.770654
-0.385092   0.64768   0.786762
-0.385053   0.640324   0.788307
-0.385043   0.630351   0.774448
-0.385038   0.647763   0.771409
-0.385017   0.658144   0.793375
-0.384999   0.623096   0.796252
-0.384944   0.649093   0.779012
-0.384929   0.659508   0.819052
-0.384881   0.647307   0.804453
-0.38485   0.623536   0.811383
-0.384781   0.64742   0.78546
-0.384771   0.659228   0.772947
-0.384766   0.654414   0.807321
-0.384743   0.638269   0.805491
-0.384738   0.655484   0.807962
-0.384737   0.627684   0.785591
-0.384727   0.640987   0.817944
-0.384704   0.634675   0.784129
-0.384683   0.650235   0.787689
-0.384672   0.642801   0.808235
-0.384646   0.63293   0.806318
-0.384631   0.645664   0.779522
-0.384596   0.643989   0.809716
-0.384591   0.625765   0.783564
-0.384579   0.640109   0.792993
-0.384562   0.630626   0.787732
-0.384525   0.633979   0.797524
-0.384482   0.63002   0.810314
-0.38448   0.635798   0.803979
-0.384451   0.650618   0.798806
-0.384383   0.644942   0.780927
-0.38437   0.622907   0.783522
-0.384355   0.653329   0.819144
-0.384308   0.628321   0.805985
-0.384249   0.621642   0.806798
-0.384214   0.622968   0.773175
-0.384207   0.657901   0.783572
-0.384195   0.648466   0.789229
-0.384173   0.637869   0.808916
-0.38415   0.642938   0.814698
-0.384145   0.63299   0.799251
-0.384116   0.654908   0.771626
-0.38409   0.622634   0.813705
-0.38406   0.6381   0.814432
-0.384049   0.636257   0.802421
-0.384038   0.651431   0.782919
-0.383974   0.621904   0.784274
-0.383959   0.650115   0.784152
-0.383919   0.64446   0.787637
-0.383847   0.63128   0.811555
-0.383844   0.642872   0.811385
-0.383818   0.634575   0.810839
-0.38381   0.63796   0.812084
-0.383778   0.629785   0.790742
-0.383755   0.653347   0.818336
-0.383734   0.650556   0.779459
-0.383731   0.633749   0.785728
-0.383724   0.640958   0.791369
-0.383697   0.63819   0.798907
-0.383695   0.648584   0.786978
-0.383663   0.62425   0.789558
-0.383646   0.626026   0.79986
-0.383646   0.656204   0.792502
-0.383645   0.622323   0.776874
-0.383639   0.657263   0.80712
-0.383631   0.627744   0.816616
-0.383595   0.626783   0.771915
-0.383587   0.633585   0.782939
-0.38357   0.639712   0.770848
-0.383482   0.643966   0.790252
-0.383475   0.658911   0.815488
-0.38347   0.659842   0.819689
-0.38346   0.648151   0.772979
-0.383437   0.648578   0.77773
-0.383409   0.642914   0.785344
-0.383405   0.653057   0.818132
-0.383397   0.654584   0.788925
-0.383394   0.646365   0.771266
-0.383374   0.627732   0.803372
-0.383345   0.649686   0.796212
-0.383344   0.655065   0.776313
-0.383317   0.650595   0.803297
-0.383295   0.621418   0.807031
-0.383294   0.643279   0.806282
-0.38329   0.62043   0.789183
-0.383258   0.656364   0.808389
-0.383195   0.644812   0.798008
-0.383188   0.650333   0.788169
-0.383186   0.624906   0.778496
-0.383142   0.659324   0.801595
-0.38313   0.623326   0.792496
-0.383128   0.659343   0.778156
-0.383088   0.640643   0.786816
-0.382965   0.6441   0.813303
-0.382946   0.648679   0.819066
-0.382848   0.636053   0.811731
-0.382815   0.656518   0.815712
-0.382807   0.651718   0.809039
-0.382719   0.658363   0.780544
-0.382628   0.657809   0.787849
-0.382606   0.659046   0.805955
-0.382597   0.625556   0.812798
-0.382589   0.638892   0.811066
-0.38256   0.656696   0.796317
-0.382506   0.637748   0.811364
-0.3825   0.631964   0.778274
-0.382463   0.64974   0.792788
-0.382461   0.64965   0.771276
-0.382419   0.636325   0.796965
-0.382418   0.659881   0.782672
-0.382407   0.630711   0.796664
-0.382337   0.653847   0.81363
-0.382335   0.621436   0.796735
-0.382303   0.628289   0.793156
-0.382289   0.624767   0.771274
-0.382278   0.656349   0.815945
-0.382254   0.632659   0.796581
-0.382231   0.650162   0.817244
-0.382229   0.63826   0.807032
-0.382152   0.659444   0.797486
-0.382032   0.640624   0.781866
-0.381999   0.652415   0.782983
-0.381978   0.638228   0.775254
-0.381966   0.647601   0.796962
-0.381963   0.638346   0.795681
-0.381914   0.65003   0.798572
-0.38185   0.628301   0.816555
-0.381837   0.649173   0.777305
-0.381836   0.650114   0.808942
-0.381807   0.623924   0.805418
-0.381774   0.636487   0.816657
-0.381767   0.628696   0.793458
-0.381756   0.629475   0.798361
-0.38168   0.645171   0.786384
-0.38158   0.62587   0.807532
-0.381541   0.62417   0.805605
-0.38153   0.626049   0.817404
-0.381514   0.62911   0.805018
-0.381481   0.653007   0.774481
-0.381449   0.651405   0.817707
-0.38143   0.635122   0.771185
-0.381407   0.636827   0.774142
-0.381356   0.645757   0.811517
-0.381273   0.658418   0.805361
-0.381255   0.656859   0.79367
-0.381251   0.629534   0.796517
-0.381239   0.653939   0.791854
-0.381227   0.629467   0.778524
-0.381227   0.62512   0.811928
-0.381209   0.658765   0.812014
-0.381206   0.648841   0.777074
-0.381159   0.621759   0.790884
-0.381156   0.633885   0.818472
-0.381139   0.645885   0.780376
-0.381133   0.658874   0.774796
-0.381105   0.63818   0.819478
-0.381019   0.627191   0.81146
-0.38101   0.633771   0.791504
-0.381007   0.637591   0.782398
-0.381004   0.620823   0.811321
-0.380966   0.637203   0.812968
-0.38094   0.657232   0.783475
-0.380918   0.645112   0.795981
-0.380821   0.621477   0.783907
-0.380783   0.627519   0.798756
-0.380778   0.637582   0.784829
-0.380735   0.655097   0.816
-0.380718   0.646065   0.77665
-0.380716   0.627092   0.779629
-0.380662   0.642413   0.814968
-0.380645   0.622087   0.770035
-0.380636   0.627696   0.816624
-0.380549   0.620314   0.787528
-0.380527   0.639845   0.815835
-0.380505   0.659901   0.786534
-0.380451   0.623276   0.770098
-0.380446   0.646883   0.77993
-0.380432   0.638524   0.777476
-0.380422   0.642082   0.811886
-0.380397   0.646472   0.775418
-0.380395   0.625079   0.775318
-0.380393   0.646534   0.784822
-0.380343   0.620978   0.805193
-0.380329   0.631777   0.77064
-0.38031   0.635199   0.772007
-0.380276   0.656458   0.778011
-0.380272   0.629936   0.797598
-0.380232   0.623617   0.771601
-0.380181   0.626484   0.779983
-0.380175   0.637733   0.80737
-0.380174   0.651331   0.797481
-0.380167   0.641525   0.802628
-0.380166   0.649931   0.786597
-0.380135   0.62186   0.782
-0.38011   0.643999   0.790384
-0.38005   0.639207   0.816779
-0.380046   0.62074   0.809402
-0.380045   0.634574   0.802674
-0.380038   0.658078   0.807932
-0.380027   0.635412   0.818633
-0.379996   0.654689   0.806706
-0.379993   0.630316   0.792173
-0.379952   0.62576   0.784468
-0.379864   0.632477   0.819114
-0.379825   0.657998   0.788734
-0.379804   0.623608   0.818893
-0.379735   0.625203   0.816934
-0.379728   0.629359   0.770383
-0.379635   0.642705   0.796204
-0.379537   0.659985   0.773792
-0.379443   0.627446   0.781273
-0.379439   0.656197   0.813467
-0.379393   0.657547   0.796651
-0.379378   0.640642   0.782047
-0.379375   0.651556   0.787911
-0.379362   0.626167   0.798263
-0.379355   0.622658   0.815858
-0.379351   0.632888   0.808902
-0.379298   0.632772   0.79776
-0.379237   0.629074   0.810463
-0.379218   0.631464   0.800395
-0.379103   0.65875   0.783634
-0.37908   0.653344   0.79744
-0.379027   0.647513   0.780329
-0.379004   0.621493   0.773409
-0.378997   0.654058   0.789464
-0.378989   0.632987   0.80596
-0.37895   0.654174   0.801452
-0.378931   0.656654   0.788723
-0.378835   0.656353   0.806397
-0.378795   0.639248   0.814794
-0.378793   0.622652   0.805052
-0.378757   0.655252   0.804273
-0.378748   0.636246   0.81459
-0.378744   0.653061   0.809492
-0.378699   0.650393   0.806182
-0.378632   0.628956   0.779187
-0.378631   0.645298   0.813966
-0.378597   0.629233   0.816567
-0.378581   0.645139   0.800627
-0.378572   0.620344   0.809074
-0.378571   0.643052   0.772755
-0.378507   0.628412   0.792794
-0.378488   0.637812   0.794611
-0.378483   0.655287   0.791792
-0.378482   0.643909   0.815093
-0.37846   0.63613   0.807639
-0.378454   0.650926   0.817218
-0.378416   0.654226   0.779657
-0.378406   0.622671   0.801555
-0.378396   0.628369   0.80334
-0.378388   0.65556   0.801658
-0.378378   0.630617   0.793862
-0.378338   0.646574   0.797201
-0.378298   0.647874   0.793906
-0.378294   0.652248   0.796114
-0.378277   0.62053   0.789849
-0.378271   0.640969   0.777805
-0.378235   0.649486   0.794774
-0.378229   0.636027   0.78354
-0.378223   0.634181   0.788398
-0.3782   0.641494   0.788895
-0.378139   0.656749   0.818632
-0.378115   0.652085   0.809486
-0.378099   0.646271   0.817938
-0.378066   0.648922   0.783549
-0.378043   0.639407   0.779359
-0.378035   0.64993   0.799405
-0.37803   0.656844   0.805133
-0.377926   0.647043   0.770091
-0.377858   0.635111   0.777286
-0.377853   0.64101   0.794524
-0.377812   0.649511   0.801954
-0.377746   0.633439   0.810995
-0.37774   0.65562   0.794066
-0.377691   0.644121   0.816917
-0.377686   0.648322   0.796302
-0.377666   0.64729   0.780511
-0.377634   0.654795   0.776312
-0.377628   0.64024   0.789467
-0.377627   0.641954   0.810722
-0.377619   0.630967   0.788316
-0.377606   0.62239   0.781667
-0.377536   0.655395   0.809912
-0.377488   0.650175   0.806908
-0.377442   0.655294   0.81765
-0.377428   0.647548   0.785504
-0.377408   0.628924   0.810878
-0.377392   0.658809   0.816
-0.377387   0.659763   0.795101
-0.377285   0.63743   0.811434
-0.377259   0.632712   0.793815
-0.377256   0.659439   0.783547
-0.377223   0.640675   0.7837
-0.377219   0.63779   0.77361
-0.377179   0.636724   0.813656
-0.377171   0.650887   0.79536
-0.377081   0.654054   0.807294
-0.377075   0.623988   0.773499
-0.377066   0.656223   0.799913
-0.37704   0.647403   0.782016
-0.377021   0.634544   0.810193
-0.376938   0.640896   0.794684
-0.376837   0.644317   0.802583
-0.376832   0.655144   0.786831
-0.376815   0.655691   0.777442
-0.376759   0.633067   0.800339
-0.376749   0.632997   0.770187
-0.376738   0.658414   0.770391
-0.376707   0.637557   0.793385
-0.376684   0.623528   0.818177
-0.376677   0.621726   0.802085
-0.376668   0.658099   0.796725
-0.376646   0.650129   0.817903
-0.376646   0.648078   0.777958
-0.376546   0.653456   0.775491
-0.376531   0.648473   0.770225
-0.376496   0.630192   0.783799
-0.376466   0.65856   0.795076
-0.376423   0.622382   0.793335
-0.376423   0.632766   0.778827
-0.376373   0.635961   0.795992
-0.376273   0.624584   0.799796
-0.376258   0.652701   0.811996
-0.376216   0.650358   0.799126
-0.376171   0.644408   0.80807
-0.376127   0.658247   0.796125
-0.37606   0.620889   0.784334
-0.376059   0.636412   0.786156
-0.376026   0.647544   0.783395
-0.37601   0.630575   0.79334
-0.375926   0.643276   0.803913
-0.375896   0.640506   0.809667
-0.375847   0.644395   0.807862
-0.375845   0.63115   0.775679
-0.375764   0.631251   0.813415
-0.375723   0.639272   0.778139
-0.375688   0.639989   0.793374
-0.375682   0.650263   0.801294
-0.375571   0.634926   0.817196
-0.375565   0.653825   0.81202
-0.375542   0.650438   0.79246
-0.375522   0.639374   0.791892
-0.375412   0.636531   0.777961
-0.375283   0.639818   0.796545
-0.375198   0.623877   0.773848
-0.375194   0.653616   0.780268
-0.375186   0.625227   0.78163
-0.375127   0.657276   0.818245
-0.375126   0.650367   0.803967
-0.375106   0.657429   0.810547
-0.375071   0.621506   0.803237
-0.37502   0.64189   0.772508
-0.37491   0.629307   0.812994
-0.374879   0.653466   0.815951
-0.374876   0.630611   0.817021
-0.374864   0.646279   0.803249
-0.37483   0.652059   0.770712
-0.374771   0.650993   0.789081
-0.37477   0.633101   0.784476
-0.374765   0.651125   0.775221
-0.374732   0.657176   0.788896
-0.374714   0.635897   0.78676
-0.374698   0.639405   0.819726
-0.374642   0.653461   0.784656
-0.37458   0.620077   0.815294
-0.374544   0.658942   0.8109
-0.374529   0.649953   0.791381
-0.374528   0.657133   0.787277
-0.374487   0.639937   0.807707
-0.374421   0.654813   0.802298
-0.374404   0.656135   0.80933
-0.374404   0.634558   0.779144
-0.374273   0.640867   0.815293
-0.374272   0.631491   0.818848
-0.374272   0.650325   0.817926
-0.374245   0.65899   0.788845
-0.374199   0.633712   0.778072
-0.374134   0.657652   0.787647
-0.37408   0.641908   0.776274
-0.373996   0.650266   0.792034
-0.373974   0.642382   0.783323
-0.37394   0.631443   0.807855
-0.373927   0.640777   0.775969
-0.373899   0.652915   0.783296
-0.373888   0.659219   0.79791
-0.373777   0.654551   0.79899
-0.37375   0.620946   0.776454
-0.373651   0.639065   0.770533
-0.373612   0.650078   0.787754
-0.373529   0.649014   0.807887
-0.373467   0.640987   0.806399
-0.373388   0.621346   0.800333
-0.373337   0.630384   0.81087
-0.373174   0.626794   0.810896
-0.373131   0.620569   0.771266
-0.373131   0.651236   0.815506
-0.373081   0.640911   0.774179
-0.37296   0.633901   0.793311
-0.372937   0.653026   0.803424
-0.372898   0.62094   0.799563
-0.372758   0.645953   0.817524
-0.372687   0.655653   0.802988
-0.372651   0.625789   0.791146
-0.37264   0.626005   0.797453
-0.372536   0.63169   0.812034
-0.372431   0.659015   0.817145
-0.37239   0.623109   0.804732
-0.372297   0.640013   0.805007
-0.372253   0.648419   0.816032
-0.372148   0.643002   0.795808
-0.372112   0.6233   0.792138
-0.371909   0.624752   0.779992
-0.371899   0.644708   0.814228
-0.371889   0.64901   0.780601
-0.37173   0.649638   0.793013
-0.371725   0.655206   0.7899
-0.37171   0.65964   0.813625
-0.371669   0.656826   0.77361
-0.371576   0.655793   0.80733
-0.371549   0.654195   0.778988
-0.37154   0.651813   0.817203
-0.371427   0.656282   0.817238
-0.371409   0.636842   0.776554
-0.371324   0.643322   0.806739
-0.371309   0.650236   0.771824
-0.371238   0.653586   0.773149
-0.371201   0.630404   0.796245
-0.371174   0.637663   0.811157
-0.371149   0.620216   0.815413
-0.371135   0.655812   0.79526
-0.371125   0.622201   0.804807
-0.371097   0.632389   0.775092
-0.371052   0.656902   0.770325
-0.371041   0.65517   0.772901
-0.371005   0.648906   0.778511
-0.370997   0.655554   0.797033
-0.370989   0.65464   0.807145
-0.370944   0.641108   0.802907
-0.370833   0.628995   0.776949
-0.37077   0.65962   0.817106
-0.370621   0.642608   0.814075
-0.370567   0.646973   0.804478
-0.370528   0.630541   0.795143
-0.370501   0.651336   0.800323
-0.370497   0.643335   0.817656
-0.370405   0.625429   0.805231
-0.37039   0.659053   0.817882
-0.37036   0.656414   0.806873
-0.370356   0.637353   0.795988
-0.370291   0.651062   0.782863
-0.370273   0.659016   0.786514
-0.370269   0.63605   0.775533
-0.370217   0.623946   0.816456
-0.370193   0.64312   0.805461
-0.370151   0.630531   0.798602
-0.37015   0.644045   0.788771
-0.370118   0.621064   0.77292
-0.370038   0.626594   0.778827
-0.369941   0.646579   0.801514
-0.36991   0.657184   0.800975
-0.369812   0.647623   0.815648
-0.369788   0.651342   0.777928
-0.369749   0.649972   0.778839
-0.369746   0.651038   0.771532
-0.369702   0.651622   0.785575
-0.369684   0.62908   0.797279
-0.36953   0.625555   0.805089
-0.369518   0.627972   0.79517
-0.369372   0.635   0.804098
-0.369278   0.621651   0.777273
-0.369042   0.649503   0.803113
-0.369036   0.626039   0.777008
-0.369018   0.624613   0.818392
-0.368901   0.631619   0.778289
-0.368493   0.640262   0.810224
-0.368469   0.659844   0.792979
-0.36841   0.645284   0.814268
-0.368295   0.622861   0.79394
-0.368202   0.634861   0.802356
-0.368177   0.622592   0.816598
-0.367894   0.625004   0.807529
-0.367836   0.625829   0.794175
-0.367832   0.651288   0.801229
-0.367821   0.643803   0.816222
-0.367718   0.630693   0.796767
-0.367645   0.651977   0.814646
-0.367505   0.622347   0.798327
-0.36749   0.651789   0.802095
-0.367467   0.659002   0.772877
-0.367358   0.657029   0.805546
-0.367265   0.628599   0.813773
-0.367172   0.630166   0.805395
-0.367117   0.653564   0.802243
-0.367021   0.657829   0.77145
-0.366871   0.658722   0.800036
-0.366677   0.642683   0.819118
-0.366638   0.64203   0.781661
-0.366608   0.635427   0.798677
-0.366564   0.646444   0.816839
-0.366553   0.62618   0.819498
-0.366387   0.63905   0.797283
-0.36629   0.656867   0.801235
-0.366261   0.626508   0.790109
-0.366108   0.620189   0.817771
-0.365722   0.643514   0.815222
-0.365646   0.623014   0.774449
-0.365577   0.628522   0.791836
-0.365541   0.65036   0.809846
-0.365281   0.645923   0.77059
-0.365148   0.638577   0.792685
-0.364996   0.646921   0.770502
-0.364605   0.634125   0.796922
-0.364462   0.642396   0.781288
-0.364415   0.652883   0.801042
-0.364381   0.629344   0.787738
-0.364371   0.64844   0.784238
-0.36436   0.658368   0.784774
-0.364301   0.659209   0.772365
-0.364132   0.659097   0.772103
-0.363659   0.64813   0.81719
-0.363523   0.652818   0.781712
-0.363373   0.629171   0.806641
-0.363201   0.658231   0.816103
-0.363126   0.634238   0.789553
-0.363114   0.654678   0.777621
-0.362879   0.642718   0.808376
-0.36282   0.634968   0.810296
-0.362792   0.636494   0.79975
-0.362603   0.630386   0.771416
-0.362469   0.643718   0.777809
-0.362239   0.634511   0.807842
-0.362201   0.628187   0.795275
-0.362199   0.654975   0.771359
-0.361926   0.653473   0.800857
-0.361796   0.644823   0.813456
-0.361234   0.640614   0.785545
-0.361132   0.642305   0.79738
-0.360935   0.635564   0.789305
-0.360862   0.652676   0.798027
-0.360696   0.623037   0.784146
-0.360689   0.64079   0.809105
-0.360635   0.625375   0.798747
-0.360573   0.642024   0.77677
-0.36047   0.657061   0.797898
-0.36024   0.628532   0.819593
-0.360203   0.639359   0.77708
-0.360144   0.631618   0.819059
-0.360028   0.636304   0.793785
-0.360007   0.655449   0.773575
-0.359924   0.65154   0.806293
-0.359782   0.630305   0.804098
-0.359735   0.650956   0.795055
-0.359672   0.626711   0.818661
-0.359602   0.647667   0.815691
-0.359565   0.637163   0.805128
-0.359339   0.632134   0.788906
-0.359056   0.646242   0.796721
-0.358915   0.656628   0.783986
-0.358623   0.627013   0.77442
-0.358122   0.638264   0.798868
-0.35797   0.642104   0.796596
-0.357536   0.650638   0.813317
-0.357235   0.640915   0.803567
-0.357231   0.648586   0.788359
-0.356937   0.658262   0.773316
-0.356756   0.658533   0.786957
-0.356688   0.656496   0.781876
-0.356579   0.658174   0.794024
-0.356513   0.639012   0.776124
-0.356293   0.621892   0.819939
-0.355832   0.621183   0.793545
-0.355323   0.651478   0.77768
-0.355147   0.659475   0.817573
-0.354998   0.627016   0.775348
-0.354658   0.655458   0.817386
-0.354497   0.636617   0.799709
-0.35439   0.652338   0.801058
-0.354359   0.654165   0.811801
-0.353771   0.622003   0.785831
-0.353595   0.637146   0.810033
-0.353447   0.651289   0.787415
-0.352637   0.659187   0.792585
-0.352285   0.642551   0.811921
-0.352084   0.652153   0.793749
-0.351956   0.655913   0.801033
-0.351516   0.652474   0.792427
-0.351263   0.63951   0.808346
-0.350675   0.656445   0.81215
-0.350456   0.64122   0.790324
-0.349922   0.651365   0.819394
-0.349507   0.629111   0.797354
-0.349461   0.652601   0.817379
-0.349295   0.649034   0.809383
-0.349273   0.63467   0.812998
-0.347368   0.633147   0.772803
-0.347101   0.637526   0.814168
-0.346938   0.658158   0.794748
-0.346714   0.622226   0.816511
-0.346462   0.627708   0.815997
-0.345447   0.649308   0.776524
-0.345125   0.645721   0.778668
-0.34251   0.650539   0.806371
-0.333892   0.639545   0.808535
-0.327321   0.622613   0.800709
