1 65.4783
2 64.5266
3 62.69
4 60.7367
5 57.8725
6 55.4939
7 53.1132
8 49.8148
9 46.7312
10 44.5293
11 41.94
12 39.9539
13 38.6381
14 37.4246
15 35.9366
16 34.4642
17 33.527
18 32.0535
19 31.0173
20 29.6599
21 28.7447
22 27.9594
23 27.5088
24 26.2977
25 24.7862
26 23.4063
27 22.4763
28 21.7012
29 19.3253
30 16.85
31 15.4255
32 14.5943
33 13.9171
34 13.0198
35 12.0328
36 10.7711
37 9.46317
38 8.37906
39 7.48807
40 7.21128
41 6.93529
42 6.80387
43 6.66085
44 6.46275
45 6.14094
46 5.81605
47 5.64448
48 5.35037
49 5.03158
50 4.85344
51 4.68102
52 4.60888
53 4.61007
54 4.52452
55 4.4183
56 4.38015
57 4.31241
58 4.30333
59 4.23096
60 4.17568
61 4.12092
62 4.05222
63 3.97251
64 3.92119
65 3.8237
66 3.66828
67 3.52937
68 3.36597
69 3.15339
70 3.01683
71 2.9653
72 2.88328
73 2.83842
74 2.80738
75 2.79842
76 2.77044
77 2.74352
78 2.70662
79 2.69595
80 2.64256
81 2.58644
82 2.52738
83 2.49783
84 2.46973
85 2.44419
86 2.44073
87 2.41944
88 2.41128
89 2.40467
90 2.39532
91 2.3962
92 2.38923
93 2.38883
94 2.39167
95 2.38956
96 2.3786
97 2.37597
98 2.37944
99 2.37731
100 2.3758
101 2.37826
102 2.37306
103 2.36855
104 2.37915
105 2.37096
106 2.37222
107 2.37252
108 2.37291
109 2.36757
110 2.37026
111 2.37145
112 2.37266
113 2.37236
114 2.3759
115 2.36339
116 2.36573
117 2.36634
118 2.36141
119 2.35895
120 2.35678
121 2.35815
122 2.3528
123 2.35508
124 2.35496
125 2.34929
126 2.35243
127 2.35209
128 2.34937
129 2.35743
130 2.34589
131 2.34427
132 2.34487
133 2.34842
134 2.34247
135 2.34234
136 2.34152
137 2.35276
138 2.34567
139 2.34216
140 2.34214
141 2.34767
142 2.34803
143 2.34755
144 2.34373
145 2.34448
146 2.34973
147 2.34226
148 2.33856
149 2.34044
150 2.33608
151 2.33722
152 2.33692
153 2.33655
154 2.3331
155 2.33342
156 2.3368
157 2.33146
158 2.32771
159 2.32607
160 2.32276
161 2.32276
162 2.31991
163 2.31552
164 2.32409
165 2.31356
166 2.3123
167 2.31188
168 2.31179
169 2.30944
170 2.31414
171 2.30927
172 2.3063
173 2.30855
174 2.3063
175 2.31082
176 2.30588
177 2.30466
178 2.30111
179 2.30048
180 2.29846
181 2.30506
182 2.29649
183 2.29703
184 2.29509
185 2.29673
186 2.29645
187 2.29294
188 2.29035
189 2.29253
190 2.28822
191 2.29502
192 2.28804
193 2.28948
194 2.28381
195 2.28387
196 2.28148
197 2.28299
198 2.28434
199 2.2853
200 2.28621
201 2.27993
202 2.28453
203 2.28137
204 2.28219
205 2.28478
206 2.28171
207 2.27954
208 2.27807
209 2.27612
210 2.274
211 2.27463
212 2.27375
213 2.27335
214 2.27453
215 2.27478
216 2.27268
217 2.27365
218 2.27465
219 2.2742
220 2.27261
221 2.27168
222 2.27399
223 2.27482
224 2.27166
225 2.27579
226 2.27448
227 2.27352
228 2.27513
229 2.27422
230 2.27722
231 2.27557
232 2.27548
233 2.27672
234 2.27455
235 2.27623
236 2.27505
237 2.27529
238 2.27666
239 2.27586
240 2.2762
241 2.28383
242 2.28163
243 2.28182
244 2.27695
245 2.28276
246 2.27621
247 2.27615
248 2.27512
249 2.27555
250 2.27401
251 2.27331
252 2.274
253 2.27586
254 2.27505
255 2.2743
256 2.27584
257 2.27295
258 2.27467
259 2.2728
260 2.27106
261 2.27063
262 2.27319
263 2.27293
264 2.27352
265 2.27391
266 2.27546
267 2.2722
268 2.27234
269 2.27205
270 2.27339
271 2.27285
272 2.27416
273 2.27345
274 2.27435
275 2.27276
276 2.27441
277 2.27242
278 2.27139
279 2.27127
280 2.27189
281 2.27412
282 2.27141
283 2.27189
284 2.2724
285 2.27191
286 2.27089
287 2.27115
288 2.27088
289 2.2725
290 2.27174
291 2.2772
292 2.27227
293 2.27584
294 2.27403
295 2.27364
296 2.27574
297 2.27174
298 2.27085
299 2.27151
300 2.27089
301 2.27093
302 2.27092
303 2.27089
304 2.27084
305 2.27098
306 2.2712
307 2.27157
308 2.27086
309 2.27388
310 2.27125
311 2.27441
312 2.27102
313 2.27063
314 2.27454
315 2.27153
316 2.27412
317 2.27233
318 2.27092
319 2.27268
320 2.27086
321 2.27139
322 2.27166
323 2.27253
324 2.27086
325 2.2709
326 2.27099
327 2.27067
328 2.27039
329 2.27121
330 2.27062
331 2.28125
332 2.27189
333 2.27352
334 2.27102
335 2.27077
336 2.27082
337 2.27048
338 2.27025
339 2.27059
340 2.27044
341 2.2705
342 2.27002
343 2.27434
344 2.27039
345 2.27696
346 2.27691
347 2.27861
348 2.26933
349 2.26921
350 2.26953
351 2.26913
352 2.27286
353 2.26893
354 2.26888
355 2.26925
356 2.26911
357 2.2689
358 2.26887
359 2.2689
360 2.26888
361 2.26894
362 2.27158
363 2.27149
364 2.26893
365 2.27014
366 2.26959
367 2.27573
368 2.27082
369 2.27599
370 2.283
371 2.27949
372 2.2891
373 2.27565
374 2.2784
375 2.2793
376 2.27629
377 2.27984
378 2.27957
379 2.2797
380 2.27563
381 2.2798
382 2.27235
383 2.27856
384 2.27697
385 2.27592
386 2.27441
387 2.27246
388 2.27655
389 2.27383
390 2.27123
391 2.27121
392 2.28756
393 2.26733
394 2.26846
395 2.27054
396 2.26758
397 2.26727
398 2.2682
399 2.26766
400 2.27669
401 2.2701
402 2.26947
403 2.2729
404 2.269
405 2.26889
406 2.26828
407 2.26896
408 2.26868
409 2.26869
410 2.26829
411 2.2687
412 2.26861
413 2.27346
414 2.26905
415 2.26855
416 2.28215
417 2.26864
418 2.27015
419 2.26869
420 2.27021
421 2.26896
422 2.26866
423 2.26917
424 2.26848
425 2.268
426 2.27492
427 2.26971
428 2.27791
429 2.27644
430 2.27472
431 2.27246
432 2.27732
433 2.26911
434 2.26844
435 2.26842
436 2.27
437 2.26873
438 2.2692
439 2.26829
440 2.26868
441 2.26854
442 2.26845
443 2.26876
444 2.26958
445 2.27425
446 2.27264
447 2.26962
448 2.27084
449 2.26913
450 2.26978
451 2.26971
452 2.27124
453 2.27039
454 2.27246
455 2.27223
456 2.27142
457 2.27219
458 2.27226
459 2.27128
460 2.27076
461 2.26955
462 2.26898
463 2.26968
464 2.26966
465 2.26974
466 2.26975
467 2.26933
468 2.26927
469 2.26912
470 2.26885
471 2.26974
472 2.26949
473 2.26968
474 2.2712
475 2.26974
476 2.27137
477 2.27562
478 2.27353
479 2.27048
480 2.27307
481 2.27516
482 2.27159
483 2.26965
484 2.26874
485 2.2705
486 2.26812
487 2.26994
488 2.26865
489 2.26835
490 2.26787
491 2.27143
492 2.26723
493 2.26782
494 2.26824
495 2.27016
496 2.27015
497 2.26916
498 2.27089
499 2.26742
500 2.27522
