1 10.8815
2 10.7555
3 10.5285
4 10.2207
5 9.81834
6 9.43843
7 9.06245
8 8.51808
9 7.97644
10 7.56603
11 7.07553
12 6.70589
13 6.37036
14 6.0981
15 5.86757
16 5.63194
17 5.49896
18 5.24536
19 5.08894
20 4.8872
21 4.64294
22 4.53997
23 4.45816
24 4.32748
25 4.28547
26 4.23294
27 4.11108
28 4.00724
29 3.84399
30 3.79374
31 3.69101
32 3.57173
33 3.48574
34 3.30986
35 3.22169
36 3.11151
37 2.98347
38 2.89274
39 2.78205
40 2.70006
41 2.611
42 2.53954
43 2.47164
44 2.38611
45 2.32995
46 2.27151
47 2.23385
48 2.17828
49 2.10462
50 2.09346
51 2.06912
52 2.02426
53 2.00143
54 1.96085
55 1.90149
56 1.89295
57 1.83744
58 1.82357
59 1.80761
60 1.78421
61 1.75986
62 1.71726
63 1.68921
64 1.67111
65 1.64467
66 1.61173
67 1.59153
68 1.59783
69 1.57391
70 1.54641
71 1.54648
72 1.54953
73 1.53078
74 1.53865
75 1.53998
76 1.50831
77 1.52058
78 1.50217
79 1.50799
80 1.47649
81 1.47677
82 1.45341
83 1.45908
84 1.45294
85 1.46695
86 1.45538
87 1.45884
88 1.44645
89 1.4159
90 1.40036
91 1.39428
92 1.37138
93 1.37177
94 1.3728
95 1.37991
96 1.3766
97 1.37051
98 1.36106
99 1.37029
100 1.35292
101 1.35144
102 1.34752
103 1.34514
104 1.35316
105 1.35465
106 1.36859
107 1.36536
108 1.35888
109 1.34931
110 1.34633
111 1.35032
112 1.35728
113 1.35361
114 1.36032
115 1.3478
116 1.34659
117 1.35203
118 1.32022
119 1.32322
120 1.31933
121 1.31695
122 1.30387
123 1.323
124 1.31445
125 1.31044
126 1.32478
127 1.32244
128 1.33345
129 1.33422
130 1.31739
131 1.32475
132 1.32733
133 1.3205
134 1.29834
135 1.30126
136 1.30306
137 1.31005
138 1.30421
139 1.30178
140 1.31386
141 1.33495
142 1.35678
143 1.36219
144 1.33645
145 1.33054
146 1.32576
147 1.31221
148 1.30705
149 1.30752
150 1.301
151 1.29365
152 1.29969
153 1.31833
154 1.30057
155 1.309
156 1.322
157 1.31101
158 1.29703
159 1.3016
160 1.27783
161 1.30196
162 1.2844
163 1.26685
164 1.30147
165 1.27732
166 1.28106
167 1.29103
168 1.26075
169 1.25885
170 1.27637
171 1.25574
172 1.25306
173 1.25874
174 1.25601
175 1.27626
176 1.27352
177 1.25946
178 1.24743
179 1.25146
180 1.24541
181 1.24848
182 1.23782
183 1.2362
184 1.24121
185 1.24995
186 1.25327
187 1.25573
188 1.23615
189 1.26037
190 1.2479
191 1.25336
192 1.24723
193 1.24524
194 1.23
195 1.22041
196 1.21757
197 1.21694
198 1.20505
199 1.18637
200 1.17257
201 1.16096
202 1.16146
203 1.16084
204 1.142
205 1.13162
206 1.12643
207 1.12697
208 1.13052
209 1.11172
210 1.11099
211 1.10813
212 1.10502
213 1.10469
214 1.10672
215 1.10171
216 1.09249
217 1.09101
218 1.08553
219 1.08252
220 1.07551
221 1.07211
222 1.07696
223 1.07759
224 1.06836
225 1.08492
226 1.07067
227 1.06553
228 1.07907
229 1.06842
230 1.07899
231 1.06547
232 1.06355
233 1.06335
234 1.04771
235 1.04982
236 1.04633
237 1.04569
238 1.05668
239 1.03885
240 1.04001
241 1.05463
242 1.04065
243 1.04146
244 1.04302
245 1.03572
246 1.02666
247 1.03271
248 1.02313
249 1.02604
250 1.01952
251 1.01007
252 1.01163
253 1.01546
254 1.01086
255 1.01137
256 1.00919
257 0.990865
258 0.999249
259 0.980969
260 0.97889
261 0.971513
262 0.971263
263 0.970228
264 0.96851
265 0.968307
266 0.971956
267 0.964751
268 0.959228
269 0.950774
270 0.963615
271 0.959827
272 0.955162
273 0.947448
274 0.950934
275 0.954034
276 0.951281
277 0.949349
278 0.94706
279 0.940918
280 0.934924
281 0.952848
282 0.951834
283 0.946669
284 0.941568
285 0.944017
286 0.934159
287 0.945184
288 0.943764
289 0.950316
290 0.942739
291 0.945508
292 0.943455
293 0.947927
294 0.939812
295 0.941871
296 0.945767
297 0.94105
298 0.934193
299 0.938451
300 0.932157
301 0.931524
302 0.929487
303 0.939853
304 0.945049
305 0.937809
306 0.954363
307 0.961879
308 0.945882
309 0.945909
310 0.937521
311 0.946094
312 0.933588
313 0.929024
314 0.95067
315 0.941964
316 0.944561
317 0.941187
318 0.93307
319 0.931978
320 0.933227
321 0.934449
322 0.932166
323 0.930158
324 0.931804
325 0.931946
326 0.940488
327 0.930806
328 0.936058
329 0.937731
330 0.932075
331 0.94839
332 0.938358
333 0.943347
334 0.935751
335 0.937822
336 0.939597
337 0.932829
338 0.930578
339 0.935776
340 0.94165
341 0.940557
342 0.935452
343 0.947497
344 0.937628
345 0.941795
346 0.943436
347 0.944151
348 0.935218
349 0.93118
350 0.934625
351 0.935597
352 0.940651
353 0.936009
354 0.931044
355 0.938493
356 0.941106
357 0.938415
358 0.939526
359 0.940534
360 0.936967
361 0.942327
362 0.946508
363 0.949999
364 0.937396
365 0.945723
366 0.943944
367 0.946193
368 0.940468
369 0.949474
370 0.953754
371 0.941586
372 0.953944
373 0.942624
374 0.944185
375 0.944632
376 0.943782
377 0.941712
378 0.945507
379 0.944951
380 0.93573
381 0.944122
382 0.934758
383 0.945602
384 0.934716
385 0.939216
386 0.938209
387 0.931228
388 0.937726
389 0.936743
390 0.929156
391 0.932856
392 0.9466
393 0.934558
394 0.930367
395 0.926563
396 0.924023
397 0.922
398 0.926343
399 0.926424
400 0.933526
401 0.928061
402 0.924597
403 0.93581
404 0.924111
405 0.931351
406 0.918273
407 0.92282
408 0.91823
409 0.923626
410 0.92511
411 0.929993
412 0.925743
413 0.927774
414 0.921863
415 0.918432
416 0.937054
417 0.926374
418 0.932369
419 0.923534
420 0.929001
421 0.920927
422 0.923781
423 0.921092
424 0.918161
425 0.913196
426 0.925445
427 0.9147
428 0.929733
429 0.928507
430 0.922226
431 0.92839
432 0.924046
433 0.909909
434 0.908243
435 0.908152
436 0.909968
437 0.907796
438 0.911126
439 0.907445
440 0.909493
441 0.907378
442 0.906164
443 0.905385
444 0.906499
445 0.90923
446 0.914877
447 0.905481
448 0.90277
449 0.909679
450 0.906042
451 0.908619
452 0.908566
453 0.906126
454 0.906277
455 0.908997
456 0.90539
457 0.91721
458 0.906403
459 0.909865
460 0.919605
461 0.906449
462 0.907704
463 0.909058
464 0.91498
465 0.91621
466 0.919662
467 0.911375
468 0.914418
469 0.904187
470 0.901285
471 0.904505
472 0.908861
473 0.907385
474 0.911706
475 0.907252
476 0.911554
477 0.913686
478 0.913171
479 0.907087
480 0.904005
481 0.905842
482 0.904277
483 0.911164
484 0.907321
485 0.904075
486 0.900395
487 0.906045
488 0.900983
489 0.898207
490 0.900346
491 0.905566
492 0.899402
493 0.900155
494 0.900159
495 0.906578
496 0.906455
497 0.909854
498 0.910474
499 0.905099
500 0.918446
