1 51.706
2 49.1147
3 49.1147
4 44.8831
5 40.3762
6 40.3762
7 35.3144
8 32.8081
9 33.6202
10 31.4827
11 27.898
12 26.902
13 28.3718
14 25.2315
15 22.4253
16 20.703
17 22.6186
18 17.4404
19 18.4414
20 20.4814
21 17.5849
22 18.2234
23 17.4081
24 15.7825
25 15.0491
26 14.1395
27 13.4527
28 9.80412
29 9.80412
30 9.80412
31 8.85786
32 8.77135
33 7.91663
34 7.49191
35 6.31394
36 6.07477
37 6.07477
38 5.84771
39 5.84771
40 5.82566
41 4.94925
42 5.12524
43 4.51468
44 4.28761
45 4.27753
46 4.0178
47 4.0178
48 3.99089
49 3.99089
50 3.99089
51 3.99089
52 3.90727
53 3.77261
54 3.77261
55 3.53706
56 3.18304
57 3.22392
58 3.18304
59 3.18304
60 3.18304
61 2.86918
62 2.86918
63 2.86918
64 2.79617
65 2.77353
66 2.54096
67 2.54096
68 2.41607
69 2.41607
70 2.41607
71 2.34911
72 2.34911
73 2.34911
74 2.34911
75 2.34911
76 2.34911
77 2.34911
78 2.34733
79 2.34733
80 2.34733
81 2.34733
82 2.31644
83 2.31644
84 2.34733
85 2.31644
86 2.31644
87 2.31644
88 2.31822
89 2.31822
90 2.31644
91 2.30395
92 2.2923
93 2.2923
94 2.29916
95 2.29916
96 2.29916
97 2.30217
98 2.27306
99 2.27306
100 2.27306
101 2.27306
102 2.27306
103 2.27306
104 2.27306
105 2.31644
106 2.31136
107 2.31313
108 2.31313
109 2.31313
110 2.31644
111 2.31644
112 2.31644
113 2.31644
114 2.31644
115 2.30395
116 2.31644
117 2.31644
118 2.31644
119 2.29916
120 2.30217
121 2.30217
122 2.30217
123 2.30217
124 2.29708
125 2.29708
126 2.29708
127 2.29708
128 2.26797
129 2.26797
130 2.26797
131 2.2662
132 2.2662
133 2.2662
134 2.2662
135 2.2662
136 2.2662
137 2.2662
138 2.2662
139 2.2662
140 2.2662
141 2.2662
142 2.2662
143 2.2662
144 2.2662
145 2.2662
146 2.2662
147 2.2662
148 2.26797
149 2.26797
150 2.2662
151 2.2662
152 2.25223
153 2.25223
154 2.25223
155 2.25223
156 2.25223
157 2.25223
158 2.25223
159 2.25223
160 2.25223
161 2.25223
162 2.25223
163 2.25223
164 2.25223
165 2.25223
166 2.25223
167 2.25223
168 2.25223
169 2.25223
170 2.25223
171 2.27128
172 2.2662
173 2.2662
174 2.27128
175 2.27128
176 2.27128
177 2.27128
178 2.25223
179 2.25223
180 2.25223
181 2.25223
182 2.25223
183 2.25223
184 2.25223
185 2.25223
186 2.25223
187 2.25223
188 2.25223
189 2.25223
190 2.25223
191 2.25223
192 2.25223
193 2.25223
194 2.25223
195 2.25223
196 2.25223
197 2.25223
198 2.25223
199 2.25223
200 2.25223
201 2.25223
202 2.25223
203 2.25223
204 2.25223
205 2.25223
206 2.25223
207 2.25223
208 2.25223
209 2.25223
210 2.25223
211 2.25223
212 2.25223
213 2.25223
214 2.25223
215 2.25223
216 2.25223
217 2.25223
218 2.24714
219 2.25223
220 2.24714
221 2.24714
222 2.24714
223 2.24714
224 2.24714
225 2.24714
226 2.24714
227 2.25223
228 2.25223
229 2.25223
230 2.25223
231 2.25223
232 2.25223
233 2.25223
234 2.25223
235 2.25223
236 2.25223
237 2.25223
238 2.25223
239 2.25223
240 2.2662
241 2.2662
242 2.2662
243 2.2662
244 2.25223
245 2.25223
246 2.2662
247 2.25759
248 2.25759
249 2.25759
250 2.2662
251 2.2662
252 2.2662
253 2.2662
254 2.2662
255 2.2662
256 2.25223
257 2.25223
258 2.25223
259 2.25223
260 2.25223
261 2.25223
262 2.25223
263 2.2662
264 2.2662
265 2.2662
266 2.2662
267 2.2662
268 2.2662
269 2.2662
270 2.2662
271 2.25759
272 2.24714
273 2.24714
274 2.24714
275 2.2662
276 2.25223
277 2.25223
278 2.25223
279 2.25223
280 2.25223
281 2.2662
282 2.25223
283 2.25223
284 2.25223
285 2.25223
286 2.25223
287 2.25223
288 2.24714
289 2.24714
290 2.25223
291 2.25223
292 2.25223
293 2.25223
294 2.25223
295 2.25223
296 2.25223
297 2.2662
298 2.25223
299 2.25223
300 2.25223
301 2.2662
302 2.2662
303 2.2662
304 2.2662
305 2.2662
306 2.2662
307 2.24714
308 2.24714
309 2.24714
310 2.25223
311 2.2662
312 2.25223
313 2.25223
314 2.25223
315 2.25223
316 2.25223
317 2.25223
318 2.25223
319 2.25223
320 2.25223
321 2.25223
322 2.25223
323 2.25223
324 2.25223
325 2.25223
326 2.25223
327 2.25223
328 2.25223
329 2.25223
330 2.25223
331 2.25223
332 2.25223
333 2.25223
334 2.25223
335 2.25223
336 2.25223
337 2.25223
338 2.25223
339 2.25223
340 2.25223
341 2.25223
342 2.25223
343 2.25223
344 2.25223
345 2.25223
346 2.24714
347 2.24714
348 2.24714
349 2.24714
350 2.24714
351 2.24714
352 2.24714
353 2.24714
354 2.24714
355 2.24714
356 2.24714
357 2.24714
358 2.24714
359 2.24714
360 2.24714
361 2.24714
362 2.24714
363 2.24714
364 2.24714
365 2.24714
366 2.24714
367 2.24714
368 2.24714
369 2.24714
370 2.24714
371 2.24714
372 2.24714
373 2.24714
374 2.25223
375 2.25223
376 2.25223
377 2.25223
378 2.25223
379 2.25223
380 2.25223
381 2.24714
382 2.24714
383 2.24714
384 2.24714
385 2.24714
386 2.24714
387 2.24714
388 2.24714
389 2.24714
390 2.24714
391 2.24714
392 2.24714
393 2.24714
394 2.24714
395 2.24714
396 2.24714
397 2.24714
398 2.24714
399 2.24714
400 2.24714
401 2.24714
402 2.24714
403 2.25223
404 2.25223
405 2.25223
406 2.24714
407 2.24714
408 2.24714
409 2.25223
410 2.25223
411 2.25223
412 2.25223
413 2.25223
414 2.25223
415 2.25223
416 2.25223
417 2.25223
418 2.25223
419 2.25223
420 2.25223
421 2.25223
422 2.25223
423 2.25223
424 2.25223
425 2.24714
426 2.24714
427 2.24714
428 2.24714
429 2.25223
430 2.25223
431 2.24714
432 2.25223
433 2.25223
434 2.25223
435 2.25223
436 2.25223
437 2.25223
438 2.25223
439 2.25223
440 2.25223
441 2.25223
442 2.25223
443 2.25223
444 2.25223
445 2.25223
446 2.25223
447 2.25223
448 2.25223
449 2.25223
450 2.25223
451 2.25223
452 2.25223
453 2.25223
454 2.25223
455 2.25223
456 2.25223
457 2.25223
458 2.25223
459 2.25223
460 2.25223
461 2.25223
462 2.25223
463 2.25223
464 2.25223
465 2.25223
466 2.25223
467 2.25223
468 2.25223
469 2.25223
470 2.25223
471 2.25223
472 2.25223
473 2.25223
474 2.25223
475 2.25223
476 2.25223
477 2.25223
478 2.25223
479 2.25223
480 2.25223
481 2.25223
482 2.25223
483 2.25223
484 2.25223
485 2.25223
486 2.25223
487 2.25223
488 2.25223
489 2.25223
490 2.25223
491 2.25223
492 2.25223
493 2.25223
494 2.25223
495 2.25223
496 2.25223
497 2.25223
498 2.25223
499 2.24714
500 2.24714
