0.0112035 0 0 0
0.0336105 0 0 0
0.0560176 0 0 0
0.0784246 0 0 0
0.100832 0 0 0
0.123239 0 0 0
0.145646 0 0 0
0.168053 0 0 0
0.19046 0 0 0
0.212867 0 0 0
0.235274 0 0 0
0.257681 0 0 0
0.280088 0 0 0
0.302495 0 0 0
0.324902 0 0 0
0.347309 0 0 0
0.369716 0 0 0
0.392123 0 0 0
0.41453 0 0 0
0.436937 0 0 0
0.459344 0 0 0
0.481751 0 0 0
0.504158 0 0 0
0.526565 0 0 0
0.548972 0 0 0
0.571379 0 0 0
0.593786 0 0 0
0.616193 0 0 0
0.6386 0 0 0
0.661007 0 0 0
0.683414 0 0 0
0.705821 0 0 0
0.728228 0 0 0
0.750635 0 0 0
0.773042 0 0 0
0.795449 0 0 0
0.817856 0 0 0
0.840263 0 0 0
0.86267 0 0 0
0.885077 0 0.000104939 5.36228e-05
0.907484 0.00465831 0.00400615 0.000266685
0.929891 0.0671817 0.0640508 0.00134942
0.952299 0.400662 0.412362 0.00400947
0.974706 1.46405 1.48124 0.00721283
0.997113 3.19432 3.27999 0.00749671
1.01952 5.03425 5.07632 0.0084798
1.04193 5.93269 5.93357 0.0115119
1.06433 5.74504 5.55502 0.0115249
1.08674 4.31241 4.28769 0.0086819
1.10915 2.82619 2.81664 0.00576233
1.13155 1.62177 1.59299 0.00472412
1.15396 0.763035 0.792716 0.00368323
1.17637 0.301777 0.348192 0.0030795
1.19878 0.124325 0.136525 0.00190079
1.22118 0.038955 0.0460257 0.000957098
1.24359 0.00992254 0.0143664 0.000521389
1.266 0.00444527 0.00564549 0.000335749
1.2884 0.00594276 0.00609463 0.000344704
1.31081 0.0156292 0.0144203 0.000484221
1.33322 0.0366915 0.0378354 0.000878614
1.35562 0.0730648 0.0915338 0.00136702
1.37803 0.172874 0.194805 0.00184242
1.40044 0.349583 0.366006 0.00207145
1.42285 0.625343 0.607335 0.00241762
1.44525 0.885278 0.880843 0.00244364
1.46766 1.12586 1.1046 0.00349054
1.49007 1.24184 1.20367 0.00399852
1.51247 1.18016 1.13312 0.00361406
1.53488 0.88843 0.922323 0.00252186
1.55729 0.63593 0.650339 0.00191665
1.5797 0.375994 0.396432 0.00186741
1.6021 0.206049 0.208502 0.00173915
1.62451 0.0953218 0.0999903 0.00130099
1.64692 0.0565769 0.0550231 0.00104009
1.66932 0.0586084 0.0724502 0.00132281
1.69173 0.175986 0.176181 0.00212327
1.71414 0.428258 0.433247 0.00314155
1.73654 0.849276 0.909678 0.00349843
1.75895 1.60277 1.61555 0.00376784
1.78136 2.38498 2.4309 0.00377766
1.80377 3.14745 3.10173 0.00568079
1.82617 3.4812 3.3692 0.00750684
1.84858 3.17295 3.11464 0.0070643
1.87099 2.50514 2.47302 0.00422067
1.89339 1.67386 1.6908 0.00252899
1.9158 1.00076 0.993101 0.00329002
1.93821 0.450071 0.511677 0.00292433
1.96061 0.217141 0.249722 0.0026298
1.98302 0.161252 0.171316 0.00190971
2.00543 0.236299 0.239746 0.00200425
2.02784 0.428225 0.438643 0.00177618
2.05024 0.739263 0.731978 0.00155434
2.07265 1.03096 1.02623 0.00162282
2.09506 1.21642 1.22727 0.00266246
2.11746 1.29532 1.25312 0.00339958
2.13987 1.09419 1.09409 0.00281587
2.16228 0.815035 0.827532 0.0016812
2.18468 0.558411 0.559387 0.00172241
2.20709 0.344952 0.362876 0.0022431
2.2295 0.300786 0.314426 0.00260969
