           1    -7.56743    -7.56743           0
           2    -7.60139    -7.58441   0.0120059
           3    -7.61843    -7.59575   0.0122394
           4    -7.55296    -7.58505    0.013042
           5    -7.56993    -7.58203   0.0107786
           6    -7.57825     -7.5814  0.00900052
           7    -7.48543    -7.56769   0.0148533
           8    -7.57596    -7.56872   0.0130326
           9    -7.49594    -7.56064   0.0138685
          10    -7.49128     -7.5537   0.0141097
          11    -7.57642    -7.55577   0.0129774
          12    -7.50128    -7.55123   0.0126654
          13    -7.46224    -7.54438   0.0134138
          14    -7.52951    -7.54332   0.0124976
          15    -7.54181    -7.54322   0.0116649
          16    -7.62535    -7.54835   0.0120124
          17    -7.55055    -7.54848   0.0113065
          18    -7.52542     -7.5472   0.0107507
          19    -7.55704    -7.54772   0.0101973
          20    -7.56012    -7.54834  0.00970632
          21    -7.55954    -7.54887  0.00925877
          22     -7.5626     -7.5495  0.00885893
          23    -7.57884    -7.55077  0.00856511
          24    -7.52653    -7.54976  0.00826758
          25     -7.4553    -7.54598  0.00875791
          26    -7.50908    -7.54456   0.0085353
          27    -7.54165    -7.54446  0.00821986
          28    -7.49276    -7.54261  0.00813101
          29    -7.54515     -7.5427   0.0078511
          30    -7.58352    -7.54406  0.00770641
          31    -7.64539    -7.54733  0.00812158
          32    -7.48283    -7.54531  0.00811403
          33    -7.58396    -7.54648  0.00795224
          34    -7.57841    -7.54742  0.00777361
          35    -7.61061    -7.54923   0.0077583
          36    -7.59011    -7.55036  0.00762544
          37    -7.49039    -7.54874  0.00758966
          38    -7.54838    -7.54873  0.00738993
          39    -7.55244    -7.54883  0.00720106
          40     -7.6271    -7.55078  0.00728205
          41    -7.55304    -7.55084  0.00710464
          42    -7.50665    -7.54979  0.00701295
          43    -7.48718    -7.54833  0.00699934
          44    -7.51769    -7.54763  0.00687483
          45     -7.5507     -7.5477  0.00672239
          46    -7.56187    -7.54801   0.0065833
          47    -7.61591    -7.54946  0.00659985
          48    -7.58426    -7.55018  0.00650205
          49    -7.57097     -7.5506  0.00638318
          50     -7.5592    -7.55078  0.00625783
          51    -7.52327    -7.55024  0.00615833
          52    -7.51928    -7.54964   0.0060686
          53    -7.53536    -7.54937  0.00596008
          54    -7.52813    -7.54898  0.00586267
          55    -7.57011    -7.54936  0.00576865
          56    -7.57431    -7.54981  0.00568281
          57    -7.56017    -7.54999  0.00558602
          58    -7.52714     -7.5496  0.00550358
          59     -7.5287    -7.54924  0.00542168
          60    -7.49198    -7.54829  0.00541468
          61    -7.61047    -7.54931  0.00542103
          62    -7.54222    -7.54919   0.0053348
          63      -7.603    -7.55005  0.00531804
          64    -7.53593    -7.54983  0.00523952
          65    -7.47547    -7.54868   0.0052823
          66    -7.53049    -7.54841  0.00520945
          67    -7.53789    -7.54825  0.00513407
          68    -7.57944    -7.54871  0.00507901
          69    -7.58837    -7.54928  0.00503782
          70    -7.57727    -7.54968  0.00498169
          71    -7.52864    -7.54939  0.00492033
          72    -7.57097    -7.54969  0.00486111
          73    -7.60094    -7.55039  0.00484497
          74     -7.5866    -7.55088  0.00480414
          75    -7.62569    -7.55188  0.00484254
          76    -7.54841    -7.55183  0.00477903
          77    -7.57979    -7.55219  0.00473074
          78    -7.52185     -7.5518  0.00468606
          79    -7.57649    -7.55212  0.00463715
          80    -7.60797    -7.55281  0.00463145
          81     -7.5644    -7.55296  0.00457648
          82    -7.53165     -7.5527  0.00452803
          83    -7.51808    -7.55228  0.00449265
          84    -7.55331    -7.55229  0.00443918
          85    -7.55476    -7.55232  0.00438705
          86    -7.51668    -7.55191  0.00435557
          87    -7.57759     -7.5522   0.0043155
          88    -7.54171    -7.55208  0.00426811
          89    -7.53931    -7.55194  0.00422257
          90    -7.51523    -7.55153   0.0041953
          91    -7.46668     -7.5506  0.00425156
          92    -7.54346    -7.55052  0.00420605
          93    -7.55177    -7.55054  0.00416085
          94    -7.56069    -7.55064  0.00411799
          95    -7.52981    -7.55042  0.00408047
          96     -7.5908    -7.55085  0.00405959
          97    -7.53731    -7.55071  0.00402013
          98    -7.58954     -7.5511   0.0039986
          99    -7.57902    -7.55138  0.00396814
         100    -7.58745    -7.55174  0.00394482
