           1      7.4897      7.4897           0
           2     7.29556     7.39263   0.0686376
           3     7.19364      7.3263   0.0709017
           4     7.55014     7.38226   0.0719469
           5     7.46742     7.39929   0.0595392
           6     7.41458     7.40184   0.0496705
           7     7.93307     7.47773   0.0821536
           8     7.43709     7.47265   0.0720413
           9     7.86454     7.51619   0.0760661
          10     7.88899     7.55347   0.0770549
          11      7.4154     7.54092    0.071065
          12     7.84813     7.56652   0.0696015
          13     8.06717     7.60503   0.0741402
          14     7.68697     7.61089   0.0690751
          15      7.6064     7.61059   0.0644707
          16     7.14773     7.58166   0.0666162
          17     7.55887     7.58032   0.0627111
          18        7.71     7.58752   0.0596396
          19     7.54969     7.58553   0.0565339
          20      7.5322     7.58286   0.0537701
          21     7.51068     7.57943   0.0513193
          22     7.50707     7.57614   0.0490919
          23     7.41424      7.5691   0.0474594
          24     7.68743     7.57403   0.0457374
          25     8.10055     7.59509   0.0485151
          26     7.82033     7.60375   0.0474163
          27     7.61686     7.60424   0.0456626
          28     7.88379     7.61422   0.0451101
          29     7.61096     7.61411   0.0435547
          30     7.39092     7.60667   0.0427335
          31     7.05189     7.58877   0.0449464
          32      7.9611     7.60041   0.0450226
          33     7.40332     7.59444   0.0440526
          34      7.4142     7.58914   0.0430747
          35     7.24406     7.57928   0.0429575
          36     7.35739     7.57311   0.0422041
          37     7.89518     7.58182   0.0419515
          38     7.59881     7.58226   0.0408499
          39      7.5571     7.58162   0.0398076
          40     7.15939     7.57106   0.0401876
          41     7.55014     7.57055   0.0392106
          42     7.80174     7.57606   0.0386615
          43      7.9223     7.58411   0.0385918
          44     7.74846     7.58784    0.037895
          45     7.57086     7.58747   0.0370548
          46     7.50322     7.58564   0.0362945
          47     7.21083     7.57766   0.0363878
          48     7.39429     7.57384   0.0358297
          49     7.43676     7.57104   0.0352075
          50     7.51135     7.56985   0.0345236
          51     7.70161     7.57243   0.0339432
          52     7.73991     7.57565   0.0334429
          53     7.66346     7.57731   0.0328529
          54     7.70202     7.57962   0.0323256
          55      7.4733     7.57769   0.0317956
          56      7.4224     7.57491   0.0313485
          57     7.53127     7.57415   0.0308079
          58     7.71112     7.57651   0.0303671
          59     7.68882     7.57841    0.029912
          60     7.89207     7.58364   0.0298668
          61     7.24424     7.57808   0.0298909
          62     7.62511     7.57884   0.0294184
          63     7.27404       7.574   0.0293466
          64     7.65487     7.57526   0.0289153
          65     7.98864     7.58162   0.0291614
          66     7.68655     7.58321   0.0287629
          67     7.63454     7.58398   0.0283438
          68     7.40134     7.58129   0.0280539
          69     7.34184     7.57782   0.0278612
          70     7.43362     7.57576   0.0275392
          71     7.68073     7.57724    0.027191
          72     7.43949     7.57533   0.0268806
          73     7.29341     7.57146   0.0267883
          74      7.3712     7.56876   0.0265627
          75     7.16024     7.56331   0.0267611
          76     7.58062     7.56354     0.02641
          77     7.41909     7.56166   0.0261335
          78     7.72619     7.56377   0.0258835
          79     7.42767     7.56205   0.0256131
          80     7.24953     7.55814   0.0255891
          81     7.51312     7.55759   0.0252792
          82     7.66836     7.55894    0.025007
          83     7.74954     7.56123    0.024811
          84     7.55766     7.56119   0.0245156
          85     7.54125     7.56096   0.0242283
          86     7.75826     7.56325    0.024055
          87     7.43092     7.56173   0.0238265
          88     7.60066     7.56217   0.0235599
          89     7.61826      7.5628   0.0233036
          90     7.76511     7.56505   0.0231528
          91     8.02862     7.57015   0.0234521
          92     7.60257      7.5705   0.0231999
          93     7.56658     7.57046   0.0229504
          94     7.49815     7.56969   0.0227192
          95     7.67812     7.57083   0.0225087
          96     7.34723      7.5685   0.0223944
          97     7.65382     7.56938   0.0221808
          98     7.35341     7.56717   0.0220636
          99     7.41858     7.56567   0.0218918
         100     7.36151     7.56363   0.0217679
