           1   0.0490928   0.0490928           0
           2   0.0501746   0.0496337 0.000382459
           3    0.049095   0.0494541 0.000294116
           4   0.0479368   0.0490748 0.000395709
           5   0.0514312   0.0495461 0.000527162
           6   0.0498408   0.0495952 0.000441584
           7   0.0495495   0.0495887 0.000378549
           8   0.0472662   0.0492984 0.000428317
           9    0.050547   0.0494371 0.000402568
          10   0.0481033   0.0493037  0.00038377
          11   0.0500758   0.0493739 0.000355242
          12   0.0482186   0.0492776 0.000338434
          13   0.0494655   0.0492921 0.000312708
          14   0.0475617   0.0491685  0.00031385
          15   0.0471292   0.0490325 0.000321024
          16   0.0479714   0.0489662 0.000307735
          17   0.0486219   0.0489459 0.000290298
          18   0.0491036   0.0489547 0.000274303
          19   0.0496086   0.0489891 0.000262016
          20   0.0514167   0.0491105 0.000275598
          21   0.0515395   0.0492262 0.000285718
          22   0.0483058   0.0491843 0.000275776
          23   0.0483708    0.049149 0.000266044
          24   0.0472998   0.0490719 0.000265882
          25   0.0489315   0.0490663 0.000255306
          26   0.0507839   0.0491324  0.00025389
          27   0.0491604   0.0491334 0.000244489
          28   0.0491567   0.0491342 0.000235758
          29   0.0483375   0.0491068 0.000229224
          30    0.049939   0.0491345 0.000223255
          31   0.0483845   0.0491103  0.00021736
          32   0.0484335   0.0490892 0.000211594
          33   0.0491305   0.0490904 0.000205186
          34   0.0505168   0.0491324 0.000203395
          35   0.0493334   0.0491381 0.000197665
          36   0.0484396   0.0491187 0.000193124
          37   0.0495909   0.0491315 0.000188326
          38   0.0494821   0.0491407 0.000183596
          39   0.0491464   0.0491408 0.000178888
          40   0.0484344   0.0491232 0.000175285
          41   0.0487208   0.0491134 0.000171285
          42   0.0494452   0.0491213 0.000167389
          43   0.0480473   0.0490963 0.000165349
          44   0.0486414   0.0490859 0.000161914
          45   0.0479245   0.0490601 0.000160359
          46   0.0487894   0.0490543 0.000156981
          47   0.0513553   0.0491032 0.000161095
          48   0.0493686   0.0491087 0.000157833
          49   0.0498342   0.0491235 0.000155305
          50   0.0484619   0.0491103 0.000152762
          51   0.0497241   0.0491223  0.00015024
          52   0.0470037   0.0490816 0.000152775
          53   0.0479797   0.0490608 0.000151301
          54   0.0503609   0.0490849 0.000150402
          55   0.0475357   0.0490567 0.000150282
          56   0.0493285   0.0490616 0.000147677
          57   0.0497148    0.049073  0.00014553
          58   0.0503224   0.0490946 0.000144606
          59   0.0491364   0.0490953 0.000142157
          60   0.0485872   0.0490868  0.00014004
          61   0.0494411   0.0490926 0.000137865
          62   0.0500575   0.0491082 0.000136516
          63   0.0484271   0.0490974 0.000134777
          64   0.0488022   0.0490928  0.00013275
          65   0.0484752   0.0490833 0.000131047
          66   0.0495743   0.0490907 0.000129273
          67   0.0489668   0.0490889 0.000127356
          68   0.0476075   0.0490671 0.000127333
          69   0.0480426   0.0490522  0.00012635
          70    0.048345   0.0490421 0.000124948
          71   0.0498754   0.0490539 0.000123739
          72   0.0500721    0.049068 0.000122826
          73   0.0490948   0.0490684 0.000121144
          74   0.0511441   0.0490964 0.000122711
          75   0.0490164   0.0490953  0.00012108
          76   0.0489954    0.049094 0.000119494
          77    0.047847   0.0490778 0.000119034
          78   0.0473993   0.0490563 0.000119437
          79   0.0490533   0.0490563 0.000117926
          80   0.0464903   0.0490242 0.000120735
          81   0.0505136   0.0490426 0.000120636
          82   0.0480368   0.0490303 0.000119787
          83   0.0488448   0.0490281 0.000118365
          84   0.0508518   0.0490498  0.00011893
          85   0.0507784   0.0490701 0.000119257
          86   0.0479224   0.0490568 0.000118614
          87   0.0489519   0.0490556 0.000117257
          88   0.0482078    0.049046  0.00011632
          89   0.0497116   0.0490534 0.000115253
          90   0.0495985   0.0490595 0.000114132
          91   0.0494653    0.049064 0.000112964
          92   0.0489447   0.0490627 0.000111744
          93   0.0506922   0.0490802 0.000111908
          94   0.0477979   0.0490665 0.000111546
          95   0.0508236    0.049085 0.000111894
          96   0.0485237   0.0490792 0.000110881
          97    0.048522   0.0490734 0.000109887
          98    0.050856   0.0490916 0.000110261
          99   0.0492825   0.0490936 0.000109164
         100   0.0478431   0.0490811 0.000108786
