           1    -5.49588    -5.49588           0
           2    -5.54209    -5.51898   0.0163372
           3    -5.51328    -5.51708   0.0110016
           4    -5.54934    -5.52515     0.01081
           5    -5.50731    -5.52158  0.00921818
           6    -5.39715    -5.50084   0.0204306
           7    -5.43752     -5.4918   0.0194113
           8    -5.51023     -5.4941    0.017121
           9     -5.4817    -5.49272    0.015274
          10    -5.50744    -5.49419   0.0138174
          11    -5.46992    -5.49199   0.0127362
          12    -5.54492     -5.4964   0.0124151
          13    -5.42012    -5.49053   0.0127717
          14    -5.45944    -5.48831    0.012051
          15    -5.49676    -5.48887   0.0112607
          16    -5.46984    -5.48768   0.0106196
          17    -5.51402    -5.48923   0.0101073
          18    -5.45325    -5.48723  0.00974151
          19    -5.53777    -5.48989  0.00958497
          20    -5.46007     -5.4884  0.00922098
          21    -5.44918    -5.48653  0.00896909
          22    -5.39722    -5.48247  0.00943566
          23    -5.50486    -5.48345  0.00907546
          24    -5.48244    -5.48341  0.00869742
          25    -5.44019    -5.48168   0.0085196
          26    -5.39881    -5.47849  0.00876781
          27    -5.47537    -5.47837  0.00844384
          28    -5.44094    -5.47704  0.00824744
          29    -5.41554    -5.47492  0.00823114
          30    -5.40078    -5.47245  0.00831945
          31    -5.50871    -5.47362   0.0081329
          32    -5.45455    -5.47302  0.00790053
          33    -5.48187    -5.47329  0.00766568
          34    -5.41121    -5.47146  0.00765458
          35    -5.50998    -5.47256  0.00751459
          36    -5.52961    -5.47415  0.00747108
          37    -5.43741    -5.47315  0.00733484
          38    -5.43381    -5.47212  0.00721452
          39    -5.37444    -5.46961  0.00745159
          40    -5.49581    -5.47027  0.00729402
          41    -5.47373    -5.47035   0.0071166
          42    -5.45389    -5.46996  0.00695795
          43    -5.44395    -5.46936  0.00682237
          44    -5.36088    -5.46689  0.00709881
          45    -5.51672      -5.468  0.00702688
          46    -5.48553    -5.46838  0.00688445
          47    -5.44751    -5.46794  0.00675228
          48    -5.44229     -5.4674  0.00663271
          49    -5.43576    -5.46676  0.00652871
          50    -5.42672    -5.46595  0.00644705
          51    -5.41994    -5.46505  0.00638347
          52    -5.48593    -5.46545  0.00627332
          53     -5.4535    -5.46523  0.00615901
          54    -5.39247    -5.46388   0.0061906
          55    -5.40427     -5.4628  0.00617218
          56    -5.49572    -5.46339  0.00608989
          57    -5.46867    -5.46348  0.00598376
          58     -5.4191    -5.46271   0.0059293
          59    -5.45608     -5.4626  0.00582987
          60    -5.35633    -5.46083  0.00599573
          61    -5.47171    -5.46101  0.00590009
          62    -5.53512     -5.4622  0.00592479
          63    -5.51308    -5.46301  0.00588552
          64    -5.43851    -5.46263  0.00580599
          65    -5.39323    -5.46156  0.00581401
          66    -5.36365    -5.46008  0.00591216
          67    -5.48171     -5.4604  0.00583273
          68    -5.55657    -5.46181  0.00591593
          69    -5.47321    -5.46198  0.00583249
          70    -5.49464    -5.46245  0.00576781
          71    -5.46466    -5.46248  0.00568665
          72     -5.3903    -5.46147  0.00569534
          73     -5.5049    -5.46207  0.00564829
          74    -5.54213    -5.46315  0.00567463
          75    -5.45926     -5.4631  0.00559921
          76    -5.45734    -5.46302  0.00552605
          77     -5.4352    -5.46266  0.00546608
          78    -5.51857    -5.46338   0.0054428
          79    -5.49481    -5.46378  0.00538843
          80    -5.43299    -5.46339   0.0053348
          81    -5.48313    -5.46364   0.0052745
          82    -5.43933    -5.46334   0.0052185
          83    -5.45573    -5.46325  0.00515643
          84    -5.40191    -5.46252  0.00514648
          85    -5.43525     -5.4622  0.00509592
          86    -5.47667    -5.46236  0.00503944
          87    -5.42367    -5.46192   0.0050011
          88    -5.47115    -5.46202  0.00494537
          89    -5.41667    -5.46152  0.00491598
          90    -5.47461    -5.46166  0.00486352
          91    -5.46022    -5.46164   0.0048101
          92    -5.41197     -5.4611  0.00478802
          93    -5.46232    -5.46112  0.00473655
          94    -5.46642    -5.46117   0.0046865
          95    -5.50114     -5.4616  0.00465601
          96    -5.39564    -5.46091  0.00465792
          97    -5.41214    -5.46041  0.00463695
          98     -5.4303     -5.4601   0.0045998
          99    -5.49557    -5.46046  0.00456726
         100    -5.53382    -5.46119  0.00458013
