0.0128248 0 0 0
0.0384745 0 0 0
0.0641241 0 0 0
0.0897737 0 0 0
0.115423 0 0 0
0.141073 0 0 0
0.166723 0 0 0
0.192372 0 0 0
0.218022 0 0 0
0.243672 0 0 0
0.269321 0 0 0
0.294971 0 0 0
0.32062 0 0 0
0.34627 0 0 0
0.37192 0 0 0
0.397569 0 0 0
0.423219 0 0 0
0.448869 0 0 0
0.474518 0 0 0
0.500168 0 0 0
0.525818 0 0 0
0.551467 0 0 0
0.577117 0 0 0
0.602767 0 0 0
0.628416 0 0 0
0.654066 0 0 0
0.679715 0 0 0
0.705365 0 0 0
0.731015 0 0 0
0.756664 0 0 0
0.782314 0 0 0
0.807964 0 0 0
0.833613 0 0 0
0.859263 0 2.91784e-05 2.90322e-05
0.884913 0.00275116 0.0014306 0.000172211
0.910562 0.0277158 0.0246237 0.000743173
0.936212 0.160585 0.165444 0.00254128
0.961861 0.483573 0.55767 0.00530795
0.987511 1.12154 1.20895 0.00642193
1.01316 1.64544 1.87319 0.00923227
1.03881 2.39903 2.34726 0.00685613
1.06446 2.52502 2.56277 0.00688433
1.09011 2.51698 2.54567 0.006411
1.11576 2.42797 2.40419 0.00593388
1.14141 2.1718 2.20228 0.00592401
1.16706 2.00199 1.9692 0.00620634
1.19271 1.76688 1.74926 0.00619229
1.21836 1.6357 1.55277 0.00568812
1.24401 1.43484 1.38314 0.00550981
1.26966 1.29637 1.24368 0.0043415
1.29531 1.1762 1.12438 0.00401425
1.32096 1.11492 1.01508 0.00386553
1.34661 0.989685 0.934011 0.00381929
1.37226 0.916423 0.867677 0.00320974
1.39791 0.866198 0.817401 0.00314752
1.42355 0.810105 0.768419 0.0028381
1.4492 0.736546 0.734105 0.00287718
1.47485 0.711811 0.714366 0.00271979
1.5005 0.74127 0.695272 0.00269335
1.52615 0.69683 0.680112 0.00299041
1.5518 0.657881 0.675912 0.00278773
1.57745 0.648782 0.671224 0.00293524
1.6031 0.629865 0.675352 0.00304957
1.62875 0.661347 0.688559 0.00288689
1.6544 0.67406 0.702014 0.00245685
1.68005 0.695108 0.725029 0.00293336
1.7057 0.736069 0.75128 0.00299174
1.73135 0.779108 0.78434 0.00295066
1.757 0.768158 0.81867 0.00272884
1.78265 0.817625 0.85553 0.00277861
1.8083 0.858944 0.896168 0.00331116
1.83395 0.879926 0.936678 0.00307765
1.8596 0.94865 0.977165 0.00317469
1.88525 0.977366 1.02219 0.00291343
1.9109 1.03351 1.05653 0.00298682
1.93655 1.06664 1.09562 0.00272887
1.9622 1.11746 1.13279 0.00304661
1.98785 1.15751 1.16355 0.00267324
2.0135 1.14663 1.18467 0.00262221
2.03915 1.18239 1.20285 0.00248574
2.0648 1.22697 1.21099 0.00268059
2.09045 1.20576 1.21073 0.00280225
2.1161 1.22979 1.20398 0.00288596
2.14174 1.22838 1.19363 0.00303869
2.16739 1.18908 1.17621 0.00314144
2.19304 1.19189 1.14873 0.00275845
2.21869 1.14903 1.12371 0.00289276
2.24434 1.12805 1.09565 0.00292853
2.26999 1.12207 1.06598 0.0027689
2.29564 1.09469 1.03524 0.00265661
2.32129 1.08849 1.00881 0.00244151
2.34694 1.0514 0.985673 0.0024231
2.37259 1.02904 0.963095 0.00259395
2.39824 1.01864 0.944636 0.00240906
2.42389 0.968711 0.929783 0.00199174
2.44954 0.926867 0.916725 0.00207096
2.47519 0.909163 0.905025 0.00186682
2.50084 0.886016 0.893539 0.00206731
2.52649 0.866093 0.886792 0.00212525
2.55214 0.86542 0.8877 0.00206774
