           1     1.22679     1.22679           0
           2     1.03742     1.13211   0.0669555
           3     1.05088     1.10503   0.0498111
           4      1.0182     1.08332   0.0418216
           5     1.37671       1.142     0.06224
           6     1.82876     1.25646    0.116652
           7      1.6006     1.30562     0.10986
           8     1.13945     1.28485   0.0980713
           9     1.35363     1.29249   0.0874717
          10     1.08862     1.27211   0.0810655
          11     1.30287      1.2749   0.0737441
          12    0.948956     1.24774   0.0724286
          13     1.69069     1.28181   0.0744415
          14     1.47361     1.29551   0.0703735
          15     1.21183     1.28994   0.0659027
          16     1.32693     1.29225   0.0618243
          17     1.03712     1.27724   0.0599814
          18      1.3973     1.28391   0.0570188
          19     1.00643     1.26931   0.0558567
          20     1.49381     1.28053   0.0541801
          21     1.51077     1.29149   0.0526977
          22     1.74356     1.31204   0.0541605
          23     1.16194     1.30552   0.0521974
          24     1.31217     1.30579   0.0500233
          25     1.54571     1.31539   0.0489342
          26     1.64893     1.32822   0.0487047
          27     1.34056     1.32868   0.0469029
          28     1.47616     1.33394   0.0455226
          29     1.61804     1.34374   0.0449946
          30     1.62188     1.35301   0.0444397
          31     1.20635     1.34828   0.0432573
          32     1.47231     1.35216   0.0420788
          33     1.28638     1.35016   0.0408508
          34     1.62866     1.35835   0.0404622
          35     1.30048      1.3567   0.0393399
          36    0.954875     1.34554   0.0397991
          37     1.36832     1.34615   0.0387282
          38     1.63951     1.35387   0.0384708
          39     1.97154     1.36971   0.0406137
          40     1.25161     1.36676   0.0397055
          41     1.26262     1.36422   0.0388183
          42     1.42528     1.36567   0.0379212
          43     1.46676     1.36802   0.0371122
          44     1.95963     1.38147   0.0386276
          45     1.09449     1.37509    0.038292
          46     1.35219     1.37459   0.0374628
          47     1.50876     1.37745   0.0367744
          48     1.38329     1.37757   0.0360084
          49     1.42054     1.37845   0.0352842
          50     1.53764     1.38163   0.0347219
          51     1.60794     1.38607   0.0343235
          52     1.17213     1.38196   0.0339091
          53     1.51228     1.38441   0.0333583
          54     1.74824     1.39115    0.033414
          55     1.81442     1.39885   0.0336811
          56     1.20295     1.39535   0.0332608
          57      1.4201     1.39578   0.0326801
          58     1.66194     1.40037   0.0324373
          59     1.51929     1.40239   0.0319501
          60     2.06147     1.41337   0.0332523
          61     1.31294     1.41173   0.0327479
          62    0.977312     1.40472   0.0329607
          63     1.18889     1.40129   0.0326151
          64     1.41962     1.40158   0.0321068
          65     1.78415     1.40747   0.0321477
          66     1.88505      1.4147   0.0324648
          67      1.3079     1.41311   0.0320194
          68     1.12217     1.40883   0.0318331
          69     1.44822      1.4094   0.0313769
          70     1.23531     1.40691    0.031027
          71      1.4002     1.40682   0.0305902
          72     1.82107     1.41257   0.0307016
          73     1.16949     1.40924   0.0304611
          74    0.912286     1.40253   0.0307808
          75     1.48345     1.40361   0.0303893
          76     1.42085     1.40383   0.0299903
          77     1.45046     1.40444   0.0296069
          78     1.12599     1.40087   0.0294418
          79     1.19764      1.3983   0.0291813
          80     1.48692      1.3994   0.0288375
          81      1.2104     1.39707   0.0285758
          82     1.50197     1.39835   0.0282559
          83     1.42011     1.39861   0.0279167
          84     1.67034     1.40185   0.0277711
          85     1.56682     1.40379   0.0275121
          86     1.35272     1.40319   0.0271986
          87     1.57847     1.40521   0.0269605
          88     1.45615     1.40579   0.0266604
          89     1.77468     1.40993   0.0266811
          90     1.51797     1.41113   0.0264116
          91     1.42419     1.41128   0.0261218
          92     1.62688     1.41362   0.0259427
          93     1.34765     1.41291   0.0256735
          94     1.38061     1.41257   0.0254027
          95     1.22926     1.41064   0.0252084
          96     1.74957     1.41417   0.0251919
          97     1.72485     1.41737   0.0251349
          98     1.63848     1.41963   0.0249795
          99     1.26338     1.41805    0.024777
         100     1.00074     1.41387   0.0248782
