0.0323165 0 0 0
0.0969496 0 0 0
0.161583 0 0 0
0.226216 0 0 0
0.290849 0 0 0
0.355482 0 0 0
0.420115 0 0 0
0.484748 0 0 0
0.549381 0 0 0
0.614014 0 0 0
0.678647 0 0 0
0.74328 0 0 0
0.807913 0 0 0
0.872546 0 0.000478946 0.000162418
0.937179 0.134936 0.151803 0.00346857
1.00181 0.935655 1.06247 0.0103699
1.06645 2.07631 2.06861 0.0176552
1.13108 2.53004 2.29307 0.0191073
1.19571 2.32137 2.06787 0.0148415
1.26034 1.73068 1.82022 0.0118519
1.32498 1.66466 1.60997 0.0108343
1.38961 1.26789 1.45746 0.0104991
1.45424 1.43151 1.347 0.0085006
1.51888 1.17987 1.24478 0.00800252
1.58351 1.20555 1.19202 0.00746912
1.64814 1.09104 1.13726 0.00691898
1.71278 1.07554 1.10937 0.00610697
1.77741 1.06225 1.09221 0.00586993
1.84204 0.997085 1.08053 0.00563099
1.90667 1.05481 1.06727 0.00561477
1.97131 1.02785 1.06803 0.0062252
2.03594 1.15283 1.05296 0.00558485
2.10057 1.00858 1.05407 0.0054844
2.16521 1.12726 1.05374 0.00539192
2.22984 1.04361 1.04921 0.00448788
2.29447 1.03328 1.04207 0.00457434
2.35911 1.0225 1.03336 0.00378791
2.42374 1.0308 1.03257 0.00368903
2.48837 1.00593 1.02758 0.00412322
2.55301 0.92766 1.01854 0.00433004
2.61764 1.03681 1.01825 0.00399808
2.68227 0.993783 1.01169 0.00387417
2.7469 1.01042 1.01534 0.00345713
2.81154 0.970266 1.01309 0.00319899
2.87617 0.965736 1.00983 0.00337923
2.9408 1.10197 1.00192 0.00337237
3.00544 0.98895 1.00552 0.00280684
3.07007 0.97581 1.00067 0.0029
3.1347 1.05386 0.998308 0.00340934
3.19934 0.990323 0.996462 0.00273421
3.26397 1.01655 0.997842 0.00271232
3.3286 0.983631 0.997711 0.00338483
3.39323 0.99721 0.99481 0.00269602
3.45787 1.00948 0.993738 0.00248279
3.5225 0.942638 0.99107 0.00285732
3.58713 0.954336 0.990886 0.00271358
3.65177 0.962571 0.990624 0.0023498
3.7164 0.980556 0.991461 0.00274663
3.78103 1.01494 0.993825 0.0026769
3.84567 0.983579 0.991879 0.00226004
3.9103 1.06376 0.988537 0.00262501
3.97493 0.967402 0.991702 0.00263395
4.03957 0.979727 0.988264 0.00233838
4.1042 0.985389 0.994022 0.00228928
4.16883 0.982359 0.987588 0.00233475
4.23346 0.946232 0.987969 0.00216156
4.2981 0.947362 0.987464 0.0022635
4.36273 0.97125 0.98981 0.00210762
4.42736 0.951009 0.988493 0.00232994
4.492 0.993218 0.987954 0.00199815
4.55663 0.978419 0.989642 0.00214378
4.62126 0.968965 0.986804 0.00225897
4.6859 0.9798 0.984959 0.00191805
4.75053 0.96302 0.984473 0.00191148
4.81516 0.984542 0.988021 0.00197924
4.87979 0.971848 0.987417 0.00184033
4.94443 1.00033 0.989763 0.0018075
5.00906 0.996486 0.986921 0.00176831
5.07369 0.996591 0.987183 0.00193654
5.13833 1.00449 0.984778 0.00185396
5.20296 0.976492 0.985841 0.00188818
5.26759 0.987516 0.984027 0.00181574
5.33223 0.990986 0.986542 0.00161302
5.39686 1.02015 0.986983 0.00159731
5.46149 0.990953 0.986356 0.00177345
5.52612 0.992398 0.987616 0.00159451
5.59076 0.994386 0.984225 0.00158386
5.65539 0.993601 0.985087 0.00177182
5.72002 1.00361 0.987097 0.00152384
5.78466 0.975175 0.984186 0.00154677
5.84929 0.971069 0.987347 0.00170633
5.91392 0.988422 0.985271 0.00156797
5.97856 0.972653 0.985811 0.001565
6.04319 1.00003 0.985929 0.00147849
6.10782 0.985579 0.988434 0.00171742
6.17246 0.99473 0.986222 0.00153053
6.23709 0.98102 0.986175 0.00152341
6.30172 0.963296 0.985692 0.00125539
6.36635 1.00347 0.987848 0.00143794
6.43099 0.989902 0.985449 0.00141011
