           1   -0.413841   -0.413841           0
           2   -0.437775   -0.425808  0.00846214
           3   -0.399108   -0.416908  0.00919961
           4   -0.399476    -0.41255  0.00786448
           5   -0.418599    -0.41376  0.00638394
           6   -0.402637   -0.411906  0.00558264
           7   -0.408208   -0.411378  0.00481005
           8   -0.429405   -0.413631  0.00470715
           9    -0.40807   -0.413013  0.00422449
          10   -0.420652   -0.413777  0.00387049
          11    -0.41267   -0.413676  0.00351993
          12   -0.419912   -0.414196  0.00326474
          13   -0.410646   -0.413923    0.003025
          14   -0.428999      -0.415  0.00299447
          15   -0.405533   -0.414369  0.00286057
          16   -0.451299   -0.416677  0.00349093
          17   -0.410182   -0.416295  0.00330642
          18    -0.41906   -0.416448   0.0031263
          19   -0.393534   -0.415242  0.00318589
          20   -0.416591    -0.41531  0.00302731
          21   -0.401697   -0.414662  0.00295173
          22   -0.405963   -0.414266  0.00284392
          23   -0.436198    -0.41522  0.00287569
          24   -0.411755   -0.415075  0.00275949
          25   -0.404836   -0.414666  0.00267934
          26   -0.410911   -0.414521  0.00258017
          27   -0.411512    -0.41441  0.00248702
          28   -0.420576    -0.41463  0.00240792
          29   -0.429004   -0.415126  0.00237536
          30   -0.397968   -0.414554  0.00236403
          31   -0.422322   -0.414804  0.00230101
          32   -0.427748   -0.415209  0.00226438
          33   -0.393586   -0.414554   0.0022886
          34   -0.416776   -0.414619  0.00222222
          35   -0.431864   -0.415112  0.00221267
          36   -0.406352   -0.414868  0.00216455
          37   -0.398486   -0.414426  0.00215085
          38   -0.414436   -0.414426  0.00209425
          39   -0.409869   -0.414309  0.00204381
          40   -0.407634   -0.414142  0.00199952
          41   -0.429587   -0.414519  0.00198592
          42   -0.422333   -0.414705  0.00194733
          43   -0.405751   -0.414497  0.00191314
          44   -0.426136   -0.414761  0.00188786
          45   -0.427129   -0.415036  0.00186581
          46   -0.403444   -0.414784  0.00184218
          47   -0.403422   -0.414542  0.00181878
          48   -0.402711   -0.414296  0.00179752
          49   -0.413037    -0.41427  0.00176102
          50   -0.414673   -0.414278  0.00172581
          51   -0.421992   -0.414429  0.00169859
          52   -0.428522   -0.414701  0.00168741
          53   -0.440853   -0.415194  0.00172621
          54   -0.406084   -0.415025  0.00170247
          55   -0.425445   -0.415215  0.00168202
          56   -0.410682   -0.415134  0.00165393
          57   -0.403093   -0.414923  0.00163835
          58   -0.410865   -0.414853   0.0016116
          59   -0.394914   -0.414515  0.00161932
          60    -0.42034   -0.414612  0.00159524
          61   -0.441427   -0.415051  0.00162854
          62   -0.437605   -0.415415   0.0016424
          63   -0.432114    -0.41568  0.00163758
          64   -0.403288   -0.415487   0.0016234
          65   -0.409595   -0.415396  0.00160095
          66   -0.397623   -0.415127  0.00159918
          67   -0.404319   -0.414965  0.00158343
          68   -0.427127   -0.415144  0.00157021
          69    -0.40273   -0.414964  0.00155773
          70   -0.422705   -0.415075  0.00153939
          71   -0.410727   -0.415014  0.00151893
          72   -0.432218   -0.415253  0.00151651
          73   -0.409452   -0.415173  0.00149782
          74   -0.410949   -0.415116  0.00147866
          75   -0.397524   -0.414881  0.00147744
          76   -0.410779   -0.414827  0.00145898
          77   -0.434045   -0.415077  0.00146122
          78   -0.418562   -0.415122  0.00144317
          79   -0.444779   -0.415497  0.00147292
          80   -0.436968   -0.415765  0.00147876
          81   -0.412952   -0.415731  0.00146091
          82   -0.411245   -0.415676  0.00144412
          83   -0.424324    -0.41578  0.00143048
          84   -0.394947   -0.415532  0.00143479
          85   -0.417602   -0.415557  0.00141811
          86   -0.408597   -0.415476  0.00140393
          87   -0.404729   -0.415352  0.00139322
          88   -0.404948   -0.415234  0.00138239
          89   -0.419483   -0.415282  0.00136768
          90   -0.408995   -0.415212  0.00135427
          91   -0.397468   -0.415017  0.00135335
          92   -0.403119   -0.414887  0.00134481
          93   -0.405154   -0.414783  0.00133441
          94   -0.404019   -0.414668  0.00132512
          95   -0.395438   -0.414466  0.00132654
          96   -0.437046   -0.414701  0.00133342
          97   -0.438248   -0.414944  0.00134158
          98   -0.403663   -0.414829  0.00133282
          99   -0.413559   -0.414816  0.00131942
         100   -0.423713   -0.414905  0.00130922
