0.785948
-1.21137
11.9519
-17.051
-0.738957
0.574902
-0.219272
1.3623
0.178273
-1.21188
-0.0320681
-1.38077
8.46675
0.596967
-0.0830128
0.573161
8.18053
-1.53482
-0.324467
-0.770272
-0.0786717
-3.5621
0.261823
1.25206
0.846009
12.3915
2.15585
-2.94021
-0.0236659
-2.15487
-0.316901
0.545809
-0.0400878
-0.382146
-0.18542
0.0917961
-2.37079
-4.95034
-0.300369
-2.24745
-0.62159
1.51487
-1.46825
1.0464
27.9211
-1.20923
-2.31679
7.42828
-8.46693
8.68705
2.28402
-0.0868266
-0.728203
-0.324282
3.97104
-1.82848
-1.22858
0.258874
56.9212
-4.96589
1.74078
-0.0817262
0.253278
1.46025
-0.206956
-0.722549
-1.32232
-0.136324
-0.88479
0.126951
0.324014
1.52696
-3.83339
-2.11239
0.7881
-1.02912
2.67351
2.122
1.45356
-0.137733
7.2077
0.128103
-2.25255
0.676609
1.51043
-10.444
-0.637636
16.0882
-0.274164
-5.31214
-13.5547
-1.3033
-1.75348
-0.881423
-0.656812
0.762761
1.06754
-1.10874
0.730847
-0.650241
1.12492
-0.318286
11.4359
-0.0674187
0.117331
0.392704
0.069189
0.462715
2.05157
-1.71393
2.07626
2.31259
1.62001
0.0539795
-0.82195
1.84529
-2.6522
12.2993
-0.290369
0.128758
1.69935
0.301103
0.592263
0.295056
-1.1476
-0.707488
-0.162474
-1.41928
-0.842573
1.37971
0.668157
-3.78841
-1.65253
0.492384
-1.53683
-0.0852519
0.241526
-2.38587
-2.96898
-5.24691
1.95351
11.3602
1.08961
0.0885408
-0.901617
0.46604
1.65251
-3.48584
-1.17241
-3.36466
-0.186794
-0.328172
-4.72444
4.10743
-1.23127
0.073176
-3.55972
4.41019
0.0463304
-1.62819
-2.12069
0.396392
2.24064
2.73005
-1.77039
-1.95994
-0.0329435
-1.50569
10.2828
0.793261
0.383652
-4.86613
0.0970235
0.807025
19.7287
-1.98444
-0.226554
-0.987749
2.76857
0.597641
-0.0717184
-0.262282
-0.376372
-1.16862
-1.2551
-1.61688
-0.639335
-1.63153
-0.211764
-0.873674
-0.132882
1.64214
-14.9507
-0.505076
2.38738
-2.82869
-0.253623
-0.726812
-1.51581
0.187423
-0.876441
0.921645
-1.83622
0.366239
0.753439
1.42666
-0.301929
0.401597
-0.00421504
-0.0642788
1.5609
-2.74451
-3.99584
-0.385565
0.628193
4.3176
12.4425
0.303354
-1.15374
-8.10979
-1.42379
-0.659429
2.22979
1.45528
-0.252183
-0.218074
1.64488
-0.353744
-1.43984
0.187259
1.04138
0.0390234
-0.885916
-0.835576
-0.211293
0.829814
-1.72124
-1.12462
0.0336515
1.14017
0.430652
0.535559
-6.77547
-2.16733
0.552346
2.29784
0.119425
-0.786917
2.1171
-80.1256
-12.4403
-0.698572
-1.22112
-2.50585
-0.943927
4.41904
2.87859
0.0361103
0.150431
-0.384886
-0.565894
-1.54044
-1.29859
-1.27029
0.121354
-0.119957
-2.12977
-1.14763
-0.645129
2.06322
-1.52477
-1.33114
0.21319
-1.28559
3.25403
-1.21687
-0.28724
-0.334041
2.99655
12.4018
-4.11367
1.24991
0.772564
2.24762
-4.57059
0.379649
0.863095
-1.22776
-5.24871
0.921507
0.0937948
1.51583
-2.26297
0.995013
-0.231281
0.962524
-2.12387
-0.758844
-6.40203
-2.80912
-0.585736
0.665828
-1.32004
0.144661
1.55951
0.261447
-0.203904
-0.49919
-64.6415
1.03429
-2.07786
2.21002
0.182571
0.65975
-4.63815
-0.191265
-1.48122
-1.27916
1.31608
-4.92123
2.89842
0.266934
10.5902
-0.537302
27.5296
0.121715
0.347132
0.863435
-0.732302
-0.0400666
-0.330401
-0.628086
-1.21848
-2.16663
-1.0729
-0.938193
-0.834103
-0.958897
0.0792573
-0.322587
-1.11033
0.315921
0.353621
-0.681656
-0.068779
0.76389
0.610272
2.36672
-1.13969
-0.575771
-0.94834
-1.04367
0.137071
2.05636
0.712644
8.76734
1.3662
-25.1348
-0.619071
-0.329304
0.497256
-0.24512
2.17768
-0.162088
-0.208159
1.17021
-1.92217
1.86187
0.0540452
1.20534
0.17824
-11.2519
-41.9678
0.086897
0.184532
-12.8918
-0.158477
0.815191
-0.726222
-1.0202
2.18022
-0.865921
0.0459798
1.25326
-0.604438
-3.20473
-0.279941
2.34726
-4.45085
-2.01828
-0.400719
2.36453
35.3117
0.195881
-1.56439
-0.499155
2.30553
-3.66441
1.69424
-3.3346
5.00267
-0.0760404
-0.254609
0.733603
2.16106
0.532582
2.65634
-4.4022
-3.85905
0.557911
-0.495503
0.430439
0.112234
0.934059
-0.753104
2.71589
35.3249
7.19972
1.4115
0.669606
-0.710174
2.11365
1.96461
0.559191
2.65308
-6.74472
1.64301
-1.60819
1.70211
-1.75825
-0.119967
-0.772545
4.5564
0.366976
-3.11291
0.180464
-2.09583
0.2778
49.0046
1.05026
1.93166
15.8865
-1.74083
0.385392
-0.651796
-0.322829
-0.249065
-57.3606
4.20475
-0.289632
-2.00241
1.36012
-28.2903
0.244314
1.65528
0.804209
0.369163
0.706705
1.45883
-0.251665
-0.97215
-0.354097
-8.13654
1.61219
0.0419727
-2.85496
0.723471
-0.433896
1.98137
1.75351
0.106531
-1.39942
0.455158
-1.44573
-0.636042
4.30365
66.9061
-0.239993
2.50783
-0.397177
0.0782954
-1.19026
-1.55639
1.99698
-2.37501
0.0390094
-1.32345
0.971834
0.365601
0.209768
4.29408
1.2514
6.58598
0.327586
-0.317687
-8.14735
0.388342
1.45803
-5.31288
0.869785
-0.360912
0.711857
-0.0929005
-1.17479
-0.839164
2.13664
-0.82537
0.615161
1.29044
0.762553
-0.0816829
-0.529154
-0.00748971
-0.455224
-2.49344
0.270203
0.452372
0.444473
4.2518
9.24891
0.0795321
-0.256825
0.969208
0.46778
-7.35677
4.03618
-0.297733
-0.22337
2.9286
2.71454
0.818511
-0.878483
0.939157
-4.44138
-1.07894
-0.834663
0.32074
1.06779
0.298338
-0.282333
-11.9482
-1.96937
-1.50446
-0.979766
0.134231
0.574571
12.9477
-0.189048
0.498199
-0.673784
2.38121
0.546023
4.29808
-1.33627
-0.402751
-1.40464
-2.94533
0.0164936
1.37153
-1.09626
0.0821627
0.0072102
2.59066
-6.97722
-0.595279
-5.61351
0.587283
-56.1924
1.95912
-0.0149808
0.237293
1.6502
-7.58291
-4.92695
0.426708
0.748603
1.1301
-1.10869
0.0782661
-3.47419
-0.186417
-1.94861
2.45611
0.038475
0.0585179
3.47933
-1.76167
-0.650457
-0.257844
0.27258
0.00611876
0.172284
-0.972613
-1.58919
-0.262013
-0.812154
3.70034
-0.802323
1.5156
-1.95826
4.90231
-3.95699
0.227646
0.437131
-5.70891
-0.99593
-2.46422
0.874114
-0.464288
8.25247
-10.8793
-0.528191
0.940944
-0.547402
0.315273
0.838891
1.37214
-1.61409
30.0237
0.784245
-0.275089
-2.23968
0.379863
1.99883
-0.786522
-0.534935
-1.46688
0.054487
0.0771186
-0.294475
-5.47585
-0.639451
-1.38514
1.78984
-0.69029
-0.669964
-8.77915
3.66953
-0.544321
3.96609
0.91739
2.10757
-3.14136
-1.74311
1.32872
1.98861
-6.26955
-1.33758
0.0255131
0.490841
-7.72762
-0.296665
0.903252
-0.491299
-1.7488
-0.781449
-3.02612
-2.66416
-1.61364
-2.89713
0.489427
-0.501041
-12.0249
0.63544
-0.152363
2.13248
-0.153069
-0.526816
2.94937
-0.51278
0.532834
1.99225
1.99697
-6.95484
0.0569138
0.426514
2.19691
-2.81667
0.977688
-0.468872
36.8903
-0.197487
0.141307
-0.111124
5.39556
0.800135
0.865246
-10.9589
-0.871863
-1.93536
-4.33875
0.105069
0.386647
-2.87541
-0.346397
0.346505
1.24109
0.310842
-3.61279
-0.472564
-11.138
1.7127
0.447824
-0.432467
-7.65369
-0.0627295
-0.247261
-0.591948
-4.04566
-0.59358
0.445139
-0.104827
26.1634
-0.546251
-5.14327
4.87965
-0.865601
-0.420204
1.63837
-0.912049
-0.123363
-0.918379
-0.0802655
0.0995439
2.17389
0.207311
-4.01484
2.32134
-1.22608
-7.82846
20.7624
-0.381323
-0.0431235
0.885053
0.690839
1.7917
0.997403
0.619667
-2.10856
-2.33781
-0.238942
-16.3674
2.12849
0.671591
30.9032
3.08447
0.774339
-0.681582
-0.362576
-0.574146
-0.390074
0.600929
-4.79636
1.62071
3.66656
-0.614771
0.472069
-0.619869
-0.25038
-1.94027
-31.4062
1.10373
1.16158
-0.171472
0.231047
-22.0621
44.9604
0.477718
-1.07169
-1.80875
1.29415
-165.803
6.36486
-1.10344
-0.973831
-0.585873
-3.95043
-4.34683
-0.140567
0.499757
-39.5159
-4.58538
2.72062
-1.04765
1.18702
1.3705
2.5702
3.51033
-30.9334
-1.59076
0.188495
0.250001
-0.842631
-0.314705
-0.293721
2.20383
6.70916
-1.2515
0.813967
-0.0507339
1.52009
-0.21147
7.6703
0.82709
0.469896
-0.37234
-1.34958
0.917477
-1.38777
-0.508186
6.23941
6.73628
-0.544334
4.55119
0.101735
-0.366894
-3.64509
1.32587
-1.662
-1.7251
-1.49938
-1.26848
0.243665
-3.58686
-0.182646
4.17319
0.917736
1.74211
-2.14098
0.892137
0.189614
-2.29206
5.25584
0.579399
0.496704
0.746435
-0.81471
-0.855319
-116.017
-0.696999
-1.06118
0.780921
0.513041
1.33061
-3.35798
-1.46769
3.5578
3.074
1.69441
-0.117981
0.138542
-1.0122
-2.3006
0.663032
0.749783
-13.3347
0.265056
-0.38925
4.29633
0.866721
24.7946
0.722098
5.53786
96.6804
0.095864
0.89423
3.61292
-4.63266
0.388414
0.452507
-6.07745
-72.2165
-0.0183576
1.07208
-0.80568
-2.09155
0.94982
0.610799
2.31386
-1.10929
0.989135
0.183861
1.27044
1.88195
-4.46916
0.0414394
0.603375
0.0562474
5.30018
1.22613
0.124649
0.969359
0.339603
0.407888
2.43694
-8.88117
-0.50611
0.220301
-1.33871
-0.576152
-1.33559
0.111475
1.44245
-0.441932
-0.00768371
-3.88711
0.0994487
-4.00835
-1.01288
36.4966
8.78095
-361.763
-0.688085
-0.424556
-2.96812
-3.46426
0.69371
-0.664257
1.36154
-1.84441
-2.87601
-1.4615
3.36897
0.0790155
-0.405566
-0.415291
-0.674039
1.52814
28.6219
1.18206
-0.0611571
0.157286
1.39765
1.07171
-0.0249656
-3.48471
2.77874
-1.50115
-0.832768
-1.34134
1.81037
-0.26026
-0.497275
3.27225
1.83284
-0.635144
-0.899405
0.711125
-0.309787
0.214037
0.688912
2.2536
-14.5663
2.42453
-2.91324
-0.149357
-2.09394
-1.45135
-0.33531
-1.50349
41.4508
-12.5033
-0.488274
-0.0396697
-0.153135
1.93542
0.695209
-0.0578769
0.973587
-0.155338
3.2614
2.34361
0.0460384
0.761298
-0.339453
0.847818
0.191772
-8.43636
-0.093375
-0.848134
0.257653
-0.170292
-0.881794
-2.74724
1.06664
-1.15763
-0.211241
1.43064
0.507205
-1.10933
0.947805
0.412301
-0.431012
0.0673481
1.84518
-21.1059
0.157108
-0.145011
-1.72163
-0.229341
0.214121
-0.099126
0.497274
1.45721
-2.10376
-0.735361
0.389544
0.428168
-0.946092
1.94475
-0.323018
12.5139
-0.00629557
-0.473988
6.53725
0.487532
-1.07678
0.354257
16.3322
-12.5593
-0.0674081
-6.99649
-0.952663
-1.88728
-0.42692
-2.92968
-3.15937
-1.81541
-1.28033
-0.138033
0.0059552
1.44371
16.9786
0.159201
-1.16006
1.04048
-4.42584
1.46616
14.1489
0.0799878
-8.95614
-1.12732
-2.17015
-0.395958
-0.952864
-10.1151
0.600202
0.170799
5.40568
2.62503
11.3383
0.403863
0.789168
-1.82993
-0.425326
1.95368
-0.483104
-0.187235
-0.291462
-0.896571
-1.95815
0.890386
-1.76244
-0.207129
-12.3361
-0.222471
-0.800743
-0.788328
-0.921239
-13.52
10.077
0.771844
-0.639462
6.46836
2.57059
-0.621933
0.35547
1.21689
-1.78349
-0.0270418
1.11324
-0.59435
251.758
-0.362039
0.269209
-0.15811
-0.0890164
0.682161
0.650672
-0.194785
-1.17026
-2.84916
88.3044
2.27722
-0.317639
0.867957
-0.253784
3.58105
-0.143462
0.589239
0.0171335
0.11118
-1.3978
0.844017
-1.05119
3.85818
1.14607
-1.01269
1.03269
2.09919
1.08901
-3.86643
-0.122204
1.09504
-4.88281
-0.477765
1.87873
-0.623481
2.93572
-0.0533326
4.44014
-2.82749
-1.04095
1.11177
1.49077
0.00705331
-0.664488
-0.0938301
-1.03836
-0.514858
-0.942754
9.2244
0.216429
-0.230017
-0.420962
-26.3643
-1.21945
-0.942745
0.11397
0.204601
5.21231
-0.552131
1.11335
-1.35279
2.8425
0.832609
-109.964
-1.48627
277.055
6.39467
0.540106
0.452842
1.09567
-4.50423
35.9185
-0.151705
0.644965
0.203122
0.551059
0.266887
0.306603
0.0547791
1.02607
-2.35987
-0.825943
-1.92759
0.534654
0.24858
-0.85851
-1.0057
-10.0858
-0.1937
-1.64144
0.919083
0.276126
-0.410906
-6.5301
0.428349
-0.303549
0.00594671
0.523631
1.50045
-1.27436
-0.0716361
0.184491
-1.99812
0.0359708
-0.731903
1.83671
0.454455
-1.72889
0.264584
0.936227
0.652313
0.617202
-504.315
0.920695
0.614114
1.69329
3.24615
-0.334929
-1.81503
0.2357
-0.128051
6.63026
-6.14783
0.00109127
-0.854886
0.165232
3.60194
-0.658228
38.5337
-0.00303077
-0.649372
2.89834
2.62667
0.420274
0.352144
0.843478
1.13363
-0.841274
-0.472584
0.851465
-0.461187
-0.260154
-1.52678
-0.416838
-0.801412
-0.92508
-5.55632
9.40038
0.840016
-1.53285
1.45054
-0.096129
-0.283054
0.36688
2.99027
-1.51519
-1.1254
0.822219
0.0933182
-4.60165
-0.213688
1.3141
-0.00698802
0.399903
9.85225
0.915304
0.294454
8.55553
0.160655
-2.14066
2.44624
-2.39476
1.06219
1.28776
0.36908
9.88192
-4.08851
-1.34093
0.880784
-13.8857
0.19385
-1.72033
2.71047
-2.30873
2.21999
0.816507
0.176069
2.18473
1.39491
2.30529
0.792158
1.81967
33.8501
-2.56121
0.542985
0.157491
0.507483
-0.240015
1.76898
-0.081175
-2.99449
15.9408
0.24031
2.61729
6.62363
-3.21127
-1.71276
-0.691545
0.15239
-0.856268
-0.839842
2.87885
3.07216
-0.120437
0.292428
3.34831
0.307188
3.35602
-1.27423
-0.0505011
0.0761965
-0.288161
0.536132
1.77651
-1.32071
-0.767474
-0.214278
-0.0163589
1.18103
-1.87365
0.559442
0.338801
-0.840223
-0.964884
2.43717
1.22499
-27.7704
0.442585
-0.398491
1.42723
-0.72875
-0.400036
0.516676
6.94485
0.60314
0.287684
0.904972
-2.29961
-15.0831
0.403493
-2.38965
-0.383685
-1.04534
-0.782943
-1.88408
-6.0022
3.13376
-0.267147
-45.784
3.80068
-0.356811
1.53831
0.634008
0.369142
0.0792706
-0.463061
1.9648
-0.109687
0.677165
-1.15733
4.55528
0.858997
60.4971
0.218682
3.95724
-2.04055
0.768282
-1.84898
-0.505673
0.493749
-0.653833
-0.916774
1.35864
-0.996624
16.0006
1.14935
3.19574
0.268191
19.0538
-0.371745
1.50258
0.0632168
4.78588
34.9179
0.551242
-1.01932
1.34839
0.364407
-9.53305
0.0433211
-2.59265
-2.49709
0.256096
1.64438
2.45385
0.742756
-1.14068
1.01108
0.177818
-27.6245
-0.855443
-1.29649
0.791544
-1.06307
-1.15991
-1.6763
-1.0234
0.705858
0.26368
-3.56538
2.1281
-0.343188
0.700695
1.56282
-0.681214
-0.628406
0.603076
0.597749
-2.1757
-0.579022
2.26188
-41.5876
0.967148
0.672687
-0.423907
0.544791
2.2022
0.561047
0.680446
-2.66606
1.70796
-0.935107
-1.02595
-3.26847
5.72357
0.167065
-0.262941
-4.07729
-4.19159
-21.1237
0.180454
3.21195
-2.8459
0.0623398
-1.40708
0.0200686
0.935453
-2.81112
0.922214
5.66822
-0.493081
-2.17244
-0.119399
-0.881722
-0.18773
-0.0081764
-2.50857
-0.205982
0.253649
1.37887
1.22996
0.834977
-1.20419
-1.49575
-2.64926
1.45507
7.29146
-0.162037
1.2763
-20.7075
0.322339
-0.411366
-0.245844
-0.73512
-5.83656
-1.44859
-10.5714
1.46562
-8.26204
0.117455
-0.705358
-0.129156
0.193271
1.64944
-2.6684
-0.435382
-0.189976
1.34003
-0.737337
0.00344836
16.4968
0.222739
-2.37078
0.914425
-0.228421
-3.21356
-4.61423
-0.203559
-0.945217
-0.513179
15.7374
-0.809153
-2.04446
-2.73947
-0.16562
-1.351
-3.24666
-0.0687283
1.50934
-0.163877
7.42668
-1.14341
-0.144327
-1.76783
0.104268
6.7707
0.611072
-2.15927
-3.01016
-0.2616
-1.85797
-1.62114
0.656504
0.37629
4.1194
-1.5427
6.68563
-2.34511
3.42122
1.82156
0.371031
-2.13373
-6.09733
-1.22306
-1.31673
-1.60363
4.24747
0.508545
-15.3855
0.245474
-0.639887
-1.32882
-1.50677
0.900537
-0.0928988
-1.87928
0.215941
-0.230089
-1.18744
2.68982
-8.47217
5.36051
-0.240434
3.65653
1.20565
2.40256
-0.816539
10.0418
0.668716
-0.444364
0.338244
-0.435104
-1.42509
-1.95104
2.62729
-2.2945
43.1268
0.732697
-1.72435
-0.848283
-0.0328466
-1.08901
36.2663
-0.913967
-1.47391
-1.53395
2.59089
5.50232
1.38602
1.84197
-0.842296
-12.5115
-0.208914
-0.370313
0.82928
-2.28015
-0.335899
0.044059
-1.91851
-13.6696
0.543817
0.606104
3.26508
-6.62732
3.37211
2.54963
8.64017
-0.31264
25.0632
-0.294024
0.865108
2.05163
1.74029
1.33749
-3.37165
2.21122
-1.76179
0.549209
0.211839
-0.959128
-0.641356
-0.420857
-0.168303
2.70388
2.10866
0.317558
0.485913
1.1558
-0.32807
-0.60516
-0.217437
2.92493
-0.584582
-10.2999
-0.817782
-0.178578
-1.26086
-0.782629
6.50632
-0.295284
0.0595392
0.199267
53.9817
-0.37564
-38.0185
-1.52924
-1.10287
0.256956
-3.4122
0.0380253
-0.702098
7.59683
-0.124405
0.666799
-3.41467
-0.456943
0.565565
0.474186
-0.0166113
-0.311855
-0.838234
-1966.98
-0.879658
0.335938
2.02497
-0.137382
-3.24695
0.59578
14.8116
0.087287
-0.48779
-5.49173
-3.63182
-0.52236
-0.0895092
2.82084
0.655332
1.12201
-0.559753
1.70292
-0.113203
-1.69811
-1.68282
-11.1294
-0.187785
10.0954
-0.287831
16.9456
1.01837
-27.0539
0.470669
-0.779702
0.0860054
0.814603
-1.15551
0.0535842
-0.0672765
-4.86771
0.322768
0.363856
0.532657
-0.335595
0.355516
-0.876305
0.101781
0.918672
-0.589648
4.84952
-3.55408
0.499761
-6.05497
0.0266178
-0.682457
0.566744
-0.0265036
0.0252041
-1.0515
-0.0444679
17.6599
1.2555
-0.317694
1.45959
1.00413
1.00862
30.6092
-0.0679152
-2.70671
-4.59089
5.33074
-0.597569
1.85566
0.757181
2.49874
0.647949
1.31525
1.25737
-0.242752
-2.81908
-0.587907
0.349019
-0.673301
10.4839
0.409263
-2.86372
0.397355
0.163963
-0.58696
-0.821982
-0.877888
0.122453
-2.81787
4.88982
6.20252
0.648688
0.210405
-6.90914
-1.21478
-0.49876
-5.45272
-1.59462
1.14721
0.0983299
0.383643
0.630253
0.478829
-0.339392
-0.0991473
0.811652
8.57808
-2.02399
1.39957
-0.316111
-2.83575
8.18486
0.109641
-1.94026
-0.498019
0.108346
0.100467
-0.581706
3.27507
-1.63841
-0.728375
-0.240221
0.157681
-0.0446438
-1.70015
24.3945
2.61168
2.25092
3.2464
1.13519
0.479191
-0.24548
1.07843
0.882702
-0.158326
-0.468958
-1.04614
0.338372
1.48029
1.45075
-0.22868
-1.67315
0.600061
1.66252
0.233634
1.73771
-7.922
0.381823
0.565705
0.824815
2.98849
1.39562
0.876496
-1.0188
-9.44204
1.21638
0.124449
-0.358041
-0.234498
5.03569
-0.652078
2.41532
-3.23057
-0.653746
2.38972
-0.535523
1.01273
-4.14041
0.509107
0.756244
-2.45987
1.33256
8.38699
0.64852
15.2571
-1.0294
-0.97134
-0.652423
1.92089
-47.5971
2.37697
-0.802423
-1.07549
1.3881
-0.53548
-0.21055
-2.78459
-0.227507
-0.772973
0.889878
-1.01915
-0.654758
-0.286293
0.764673
-8.1129
1227.97
27.6401
-0.806969
1.27924
0.532697
-0.648753
0.0862187
0.517122
2.20166
1.30958
-0.462471
-0.0809252
-0.536072
-0.0224866
1.72787
-0.477356
-0.16732
-1.26661
-5.52635
0.216177
1.17042
-10.1994
0.821729
-0.768866
14.1542
-9.17564
0.025364
-3.86764
1.15054
-0.598292
-0.821053
0.694587
2.12349
-0.581001
-0.653257
0.376971
-0.908784
0.13643
-1.05689
-0.920571
-0.836483
-2.56206
8.40862
17.282
-0.261844
-1.13048
-0.402408
0.571295
10.8666
-11.2607
2.91991
48.9342
-1.38725
1.23403
-0.092928
1.21089
1.28292
0.157253
0.582992
1.08125
-0.303836
4.5257
4.30563
-0.42544
-8.07622
1.60968
38.759
0.38596
0.814964
3.09841
0.0443052
0.032459
-2.07991
12.6556
0.580904
0.436199
1.58808
-1.86818
-0.536004
9.13002
-0.438635
0.641274
0.18422
1.51129
-1.89279
0.40854
0.536473
-1.8228
-2.58348
-8.04332
1.61846
-0.685364
0.812771
1.14781
0.244872
2.16911
-1.33774
1.75244
-0.673197
0.429897
-0.145711
0.398407
0.190413
-2.81255
2.44332
-3.22937
0.00316857
0.708348
-0.467011
2.2961
-0.657918
-0.377765
-5.76961
3.88322
0.678223
4.2067
-179.02
-2.78586
0.67592
-1.41123
-2.77615
-2.77975
-2.24452
28.7287
-0.867655
-4.96353
2.64082
-0.453292
0.510306
7.1825
6.80388
-3.96362
-0.563849
1.56843
0.422856
5.08612
-1.3771
0.163286
-1.12278
-2.13862
-0.894522
-3.41525
-11.1838
0.42553
2.00442
-0.33416
0.295948
-0.731037
-0.937791
-5.45362
-0.971934
-0.407797
0.00765191
7.65999
-1.17422
12.0303
7.51045
1.19978
1.91927
-0.448813
0.627724
0.48855
-0.61868
0.0350548
-0.47763
2.31241
-0.226841
1.88864
-0.684919
-0.78022
0.359892
0.0499225
-1.92824
35.8031
0.574919
9.48226
-53.6481
0.605878
-0.352673
-0.17377
-0.408606
-0.240278
5.44618
-1.35412
-3.27511
0.883288
-1.13118
-2.4517
-0.974322
0.534871
1.66403
2.3048
2.43836
0.791174
-1.5555
5.41739
-3.98112
-8.0881
-11.5427
4.63421
0.451588
6.75189
-0.303264
-0.23396
1.01578
-1.37437
0.761412
-2.96979
-10.7338
0.199335
-0.0439845
30.048
-2.89963
-0.424388
-1.42329
0.0869064
0.311356
149.787
-0.523501
0.148363
-0.457752
-5.43499
-4.71593
-0.440989
-5.80367
-0.909594
-0.681699
13.9389
-1.8174
-5.81803
-0.68381
-1.7549
-0.0223177
2.86473
1.71092
4.1974
-0.957534
-3.12301
0.419694
-11.139
0.0421899
-3.062
-1.06143
0.397739
2.47825
0.515137
-0.91967
-6.38116
-0.465991
1.10179
5.97847
-4.95768
-5.5581
0.407252
-0.240956
0.225747
0.30782
-1.89531
1.37842
0.672668
0.638552
-0.23119
-2.09166
-0.0800378
2.64799
-0.234906
0.657418
1.07042
0.910808
26.7277
0.987772
0.2497
-0.408586
3.28049
-0.54027
1.83442
1.74642
4.3276
5.78658
-0.565652
-0.0664286
0.382984
6.71595
1.1763
-7.5747
4.06396
-0.290278
0.286954
22.2777
0.916491
-2.66972
-0.433584
1.21378
-2.73681
1.42988
-0.523696
1.16319
-0.191479
-3.92694
-1.83813
1.24011
-0.775995
-0.78601
-1.2695
-1.28327
0.572254
-1.81036
1.12552
-22.5693
-1.54253
-1.37096
-1.01767
1.49314
0.0463162
0.284584
2.01057
-0.420896
0.28739
56.0382
0.876414
1.83893
0.607991
-0.638951
-0.743019
6.82732
-1.26933
1.31844
-3.17567
0.703138
-0.375666
1.40599
5.7292
-0.199601
-2.60999
-0.176532
304.657
-1.10174
5.91218
0.973422
0.0892629
-0.0996508
-28.8455
0.797949
2.29207
-1.4151
10.4506
12.2865
-1.35845
-0.562922
-2.64977
0.581888
-0.788183
2.09139
-0.448901
-0.757077
-18.4257
-0.000844027
0.266337
-0.464613
0.348579
0.595094
42.1888
0.383861
-5.75813
-0.309222
0.973153
-44.5592
-0.776808
2.00818
0.885041
-0.800267
0.269044
-0.029234
0.358881
3.87557
-1.18078
0.566707
-8.86004
1.01248
0.536302
0.590968
-1.54768
-0.102016
0.300492
0.0294482
0.189052
-0.280656
0.289366
-8.20738
-1.73045
-1.01208
-29.0439
-0.842967
2.3211
0.408957
0.503001
-0.206412
-0.287698
0.649157
-4.84487
0.987489
0.874512
0.807571
-10.1578
1.41914
8.61267
0.687515
1.2804
-1.22605
4.7173
1.27939
0.948216
-0.191979
1.12523
1.28007
-0.82148
-0.0462257
-1.55009
0.988509
-0.503684
2.51762
-0.377883
1.30789
-0.18388
1.14104
-0.0910903
-0.292652
0.41515
2.80929
-2.40644
-6.10523
-3.68482
-1.24132
0.140945
0.516931
-2.05577
0.20119
1.07009
-1.37199
4.55574
-0.767301
-6.15216
0.0254155
0.467291
0.582966
-0.183472
3.11103
4.8062
0.0285317
1.56593
-6.90525
0.418486
-0.961732
-29.5422
-0.61073
7.63818
-1.10515
-0.185069
-0.937194
0.572578
-0.398649
-1.13347
-3.5194
0.0163067
0.674396
-0.261149
-0.312531
2.3949
1.60256
0.925602
-0.0179906
-0.845952
-2.05941
60.1521
-0.115898
0.0897241
1.26772
-0.374245
-0.12598
2.0322
0.335356
-0.587971
2.42066
-3.91697
2.44076
1.15675
-2.1895
-4.39522
-1.4797
-0.69516
0.195772
1.19987
1.46133
1.82486
4.81875
-10.885
-0.892856
-10.1436
-2.55375
4.16322
1.07243
-0.138046
0.359089
0.76651
0.717958
48.9411
6.97746
2.07559
-3.065
0.0941287
1.57766
3.47464
-0.519858
4.52569
-0.511327
-2.02791
1.92154
1.35052
-16.2308
-0.0397505
-3.53473
0.50674
-0.902702
-0.0659112
0.17768
0.44759
0.14035
-3.53952
-1.5587
1.82928
-0.332316
-0.517505
0.924037
-0.707156
-1.08274
-1.10459
0.61909
0.402781
-0.0868418
-0.1964
0.707618
-1.24707
0.333831
0.400347
-5.80039
0.293944
-0.785068
0.801067
-1.33036
0.580606
-6.25269
0.769574
-0.408402
-0.898441
3.40199
0.18819
-0.0667369
-0.652931
0.590829
-2.29658
6.26866
-0.456985
-0.00330478
0.356169
1.42092
-1.04045
-8.13021
-3.40809
0.128766
0.447527
-0.453708
-0.724844
-0.777271
-0.864092
-2.17934
5.46234
-0.154985
0.491075
-0.887079
-3.03806
1.11922
-3.58364
4.76511
-0.123322
-0.414803
-0.114239
-24.5924
-0.369342
-0.049783
1.52173
0.130562
5.88142
3.06221
0.603532
-1.90633
-0.620691
0.0497637
0.689835
8.58778
-0.0112207
0.301082
-2.15169
-0.231434
55.4401
0.858471
-1.14672
-0.509409
-0.904437
0.0353926
6.74535
0.418498
-4.89209
-0.0156677
0.902805
0.196687
-0.32308
-3.02688
0.842015
-4.1814
-21.3265
1.1487
16.539
-0.21874
-12.1354
-0.717093
-1.51881
-1.04388
-5.14994
0.00707974
-0.393598
1.25713
-0.573211
4.88747
-1.59217
0.622157
-0.597661
0.892907
0.594933
-0.035071
1.1932
0.241972
0.993735
0.169494
-0.187325
0.0733243
-2.6432
-5.99044
-0.624379
0.00721415
3.06608
-0.520669
1.5591
-0.0595427
-0.540275
-0.579365
-1.43659
3.61742
-0.141899
0.290278
0.400557
-79.1098
0.392199
-0.528022
0.424794
0.701929
-0.898953
3.10158
3.21302
0.14872
0.342709
0.0587009
0.762566
-1.99871
0.471369
-0.677746
51.6416
2.46316
0.557213
0.95692
-1.1715
5.27083
-0.04969
2.49382
-0.0469522
-1.32547
-0.216553
5.64338
0.0956601
0.110901
1.19693
-0.727754
-1.04877
-0.360726
-0.0660604
-0.650225
-1.05589
-13.7509
-1.45153
4.78428
-0.084449
-13.8935
-0.901568
-0.782797
-0.548163
-1.02527
-2.70596
0.94421
-1.0178
0.223478
-1.54871
1.92127
4.39207
0.840752
0.351214
1.85842
0.745954
-0.0951072
5.53696
-2.17173
-0.0556031
-3.27324
-0.515891
1.13052
0.00593866
-0.230004
-6.89163
0.366582
-1.06694
-0.250397
0.657533
0.832967
-0.142664
1.18164
0.247682
0.602536
3.81316
4.92479
-0.195832
-0.315094
-1.39172
-2.21599
-3.34909
5.27981
-0.734738
2.11868
1.52975
-1.20556
2.12367
0.109839
0.785888
1.82311
-1.16439
5.95446
-0.365818
0.266835
-1.32511
2.43532
0.282648
-0.289117
0.177292
-0.0317312
-2.07909
-5.67616
3.86547
-0.261056
-0.620335
1.1337
-0.235649
3.55297
-0.087434
2.79274
-0.801677
-2.81002
-0.0365577
2.61089
-0.609439
-2.04025
-4.18281
-0.54835
-1.12537
1.57921
3.25637
0.834153
-0.0423944
1.76564
0.335608
0.330652
-0.0395195
-1.52584
-2.66132
-0.511418
0.389762
3.01929
0.923581
-0.192482
4.86633
-2.57091
-2.44602
-2.3733
-0.770342
0.669701
2.09974
-0.0802756
-0.0404126
0.720872
-0.70097
1.60742
2.52383
0.0031769
11.121
6.75999
1.12486
0.846451
-0.320595
-0.77089
-1.35521
-2.64916
-1.56723
-0.487506
3.69733
0.485823
-1.9363
1.35906
-2.41361
4.0393
1.57871
-15.4066
-0.800709
-0.0686581
-0.136753
0.0122978
-1.3955
-0.395879
-1.99046
-0.501125
2.35591
0.868681
68.4166
0.375815
3.51802
0.347118
0.784195
-0.308151
0.113694
1.84956
-0.183056
-0.593211
16.2631
-0.769437
-0.826244
7.25733
-0.143726
-0.555525
-1.22756
1.66803
-1.00639
-1.13949
-6.11138
0.769716
2.19733
-17.2046
-2.03555
-5.14442
1.57939
-1.44072
0.190921
-0.873296
1.75212
3.51388
-1.93473
0.394757
1.0039
0.917239
-14.7789
-0.357759
-7.71332
2.45208
12.3654
-0.381617
-23.5711
0.173808
0.421901
6.3157
0.444397
0.733656
-0.645834
1.19472
-0.512814
0.494464
0.0869041
0.342189
-1.7595
17.1149
0.0937071
5.08922
-1.74093
3.97485
-1.15579
7.01251
-1.35937
0.763938
0.172698
-3.51113
-0.582317
-0.645236
-1.10468
0.145589
29.6868
0.306496
-1.31064
0.713386
3.10086
-0.629417
0.3675
1.06459
-9.65526
-0.00358993
0.768102
0.532846
1.5807
2.44532
0.333998
12.4504
-0.817325
3.2053
1.94057
0.586651
1.87822
9.46255
4.72097
0.805581
-1.00505
0.48423
-4.80936
-1.72419
0.316634
-0.998051
0.063962
1.60123
0.26293
-1.10641
0.192295
0.22173
-0.810699
-0.39294
1.01687
-0.347812
-0.106161
0.0436681
0.863501
-0.457688
-3.22342
0.74893
0.224335
-0.185435
-12.4491
-0.333979
-5.23787
-3.9859
0.378402
0.577735
0.0596598
-0.27578
-2.32856
-0.0264515
-1.06281
-1.69808
-1.16761
-0.124924
-3.85846
7.57251
-0.913749
-0.593991
-0.342546
-0.141132
0.300377
4.59849
-0.198191
0.555085
1.83641
-29.8437
13.2824
-0.931342
-1.30766
-7.64762
-0.980252
-2.99655
-0.494529
0.260699
0.8088
0.0685359
1.02257
-2.64323
-0.0970382
-0.487768
0.63609
0.132484
1.4818
2.01185
-4.96862
4.0784
-0.189397
-1.98406
0.161499
-1.43621
-4.38164
3.68858
-0.24335
2.40708
-0.060348
8.32019
2.68433
0.507356
-8.96896
2.39393
2.03808
2.32604
-3.80882
2.11096
-53.9642
3.15685
-11.3869
22.8828
-0.719067
2.45967
-1.57288
0.514461
-2.73449
2.39635
-11.7093
-0.622922
-1.63903
-0.792579
0.36973
-0.604434
29.6383
3.90736
-2.54472
2.66778
-0.290601
1.80037
-0.000784235
-0.492976
3.35014
-3.31157
-0.506945
-1.53549
-1.06632
-2.5856
-1.91497
0.930217
0.201306
0.290428
-0.372013
4.08903
-1.53708
2.28135
-0.986704
0.816254
15.5758
1.34779
19.4949
2.64685
-2.1671
2.3588
-29.6031
1.60116
0.691818
0.415178
-0.102526
-0.381966
-4.57565
-0.123041
-0.406084
-6.16016
0.269908
-0.663361
4.46438
-0.295094
3.2537
0.0976061
-0.50991
5.06991
-2.50868
-0.424685
-12.1659
0.329617
0.00786456
1.1034
1.25821
0.299429
8.66296
-1.70338
1.32624
0.90747
0.299441
-1.47207
-0.364868
4.47259
4.55107
-1.02134
-0.635784
0.181234
-0.238424
-0.784841
-1.65638
-2.1076
0.156347
0.467334
-0.499296
1.56041
0.296429
-0.697878
-0.68277
0.076793
-1.11023
0.566755
-2.83592
-3.22599
-0.0546311
0.565058
0.960528
54.0801
-2.46946
-0.112444
-1.87095
-0.0416419
-0.664806
-0.772596
-1.36872
38.6996
0.167314
-1.79185
1.58439
-0.585991
4.6725
1.22032
-1.00198
2.04614
2.00533
-0.542775
0.201519
2.15058
-0.488366
-6.74747
-6.60807
-1.56076
29.4469
-1.95064
-2.21467
3.65431
-21.7838
3.56284
-0.0423887
-0.491711
-3.25163
0.158315
0.455909
-1.6701
-0.551812
-0.402474
-1.49194
-1.47235
-0.331405
0.139779
0.12706
-0.0684049
2.65528
-0.0975196
0.242034
1.03371
0.560027
-0.340959
0.00637856
0.25661
-30.0917
-2.0933
-2.04131
1.04679
-2.23898
-1.82712
-1.0894
-0.481355
-0.478125
0.512239
-0.23475
0.107945
-0.183575
-7.66561
-1.29688
0.291136
-0.0702907
-1.31956
1.56742
1.06223
0.393303
-0.00508385
-0.112496
-0.393607
1.18722
-4.28723
2.79681
-0.867422
-0.470191
-4.17065
2.7856
-3.36367
-0.042547
0.82852
2.4605
-0.103677
2.07945
0.346287
0.233962
-0.842015
-0.219735
0.356677
6.11746
-0.219234
-0.277839
-9.26553
-0.24725
0.19803
-0.197057
-0.209285
-1.24448
0.281866
-1.40052
1.67806
-2.50993
-0.337931
-1.27645
-4.81467
-1.11517
0.0684493
-5.19661
-0.351695
0.811959
-0.360679
12.488
-4.71384
-6.16327
-3.0292
-0.464151
5.63253
-0.0126254
0.441823
0.338608
3.63156
-0.867996
-0.286657
-3.14331
-14.1297
-0.700979
-1.00036
1.5108
0.499706
-2.20246
0.502472
-2.88432
-8.02556
-0.788577
24.4615
12.6054
1.31518
-1.00964
1.13934
0.525692
-5.69538
0.589579
0.657056
-2.10989
-0.560029
0.268059
-0.322173
3.54047
0.240743
-37.2861
1.70177
1.27015
-69.4972
-0.395719
6.76309
-0.0500581
2.39931
-4.75431
-3.8097
-0.454074
0.107909
1.34972
-4.90395
1.14411
0.559076
-1.41091
-8.24199
2.73588
-2.29682
-0.167197
1.27003
-0.239845
3.82915
-0.460479
-0.0935622
-0.993387
0.0708943
0.206284
10.6047
0.236992
4.33665
-0.0628446
0.332759
0.145918
0.518719
-6.59014
0.158735
0.280586
0.00355001
-22.6235
0.254728
-17.4503
-1.56178
-2.05312
0.710011
0.904206
0.990352
1.16455
-0.0731741
0.173531
0.533199
4.15755
4.5174
-1.11923
0.0917584
-1.70717
-0.173414
1.2967
0.505668
-1.39728
-1.75064
-0.956643
-6.07949
1.89356
2.8966
-1.81171
-1.77043
0.727138
0.731341
1.62299
0.196532
-0.893456
0.778625
1.70073
0.609153
0.16644
-0.819357
-0.285835
3.5149
-0.513378
0.541966
-1.22781
0.525369
1.02357
9.6197
1.64043
-0.378166
-0.713385
0.734461
-0.300809
2.12908
0.532098
-1.18631
1.69895
0.434385
1.79647
0.37441
-0.622616
1.33801
-0.0688373
-5.90637
5.87817
-0.10462
-0.376109
0.594167
0.986443
1.92481
2.27136
1.65102
58.9349
-1.16145
-0.473504
0.822959
0.274665
0.137939
1.8107
0.591445
1.08557
-0.135213
4.61802
-0.594881
-0.670499
-2.54459
-12.718
0.23945
-1.63856
0.446087
2.09149
1.75765
0.195081
-0.0822011
-0.642715
1.14061
0.753925
-1.37739
0.101623
2.39251
0.123873
-1.02793
16.8831
-0.402924
-0.117407
-11.3265
-0.788272
-0.854102
3.31933
-34.6072
0.728561
-0.0264744
1.40736
-0.0167984
0.228093
0.899695
-0.385322
0.0654713
0.768136
-4.98967
5.87254
-7.05718
-8.27189
-0.0837512
0.811614
0.909568
-0.916402
-33.9018
1.03233
-0.0725764
0.300635
0.700065
-0.569542
0.695264
0.434463
4.07911
5.39348
-0.0867893
-4.60179
0.73552
0.850654
-0.204026
-0.135756
1.97158
-1.55252
-1.27315
4.17343
1.63867
-0.46311
1.36285
-1.47422
1.44105
1.33327
-1.27646
4.53802
-0.87453
-1.52413
1.03521
-15.9763
0.381954
-2.41584
-1.18811
2.05853
-0.584187
-0.718169
-2.62538
-1.89444
0.688805
0.0708539
-1.47917
0.0579799
-0.917094
0.351443
-0.109918
-1.38462
5.97903
-1.08793
7.13173
3.38099
0.585141
-2.22396
1.3808
2.34256
-0.0950567
3.09838
-0.32835
-0.0671399
-0.500417
1.74499
1.22614
2.27873
-0.723495
-0.713461
-0.328791
-0.464132
0.470656
0.599177
-2.58276
0.77705
0.339995
-1.01924
-12.5113
-0.541978
-3.43573
0.393237
19.334
0.739182
-0.543002
-0.235177
-1.38968
-3.33492
-45.2334
81.6535
-1.32602
-0.46607
1.64961
-4.20545
-11.0319
12.0566
1.62787
5.70766
-1.28309
0.54149
0.159946
0.284213
3.10799
1.75598
6.64221
-0.178953
-0.298828
-4.07201
0.756307
-0.0280275
3.10285
33.0182
4.99113
2.07118
-0.46582
0.126842
-1.90997
1.61852
0.699126
-2.68273
0.0788827
0.00534766
-0.254244
0.118821
-5.56342
2.00773
0.706604
-3.09534
-38.1805
-2.12535
0.807615
0.247006
-0.255629
-0.212203
-1.81951
-2.43936
0.728207
1.06541
31.5821
0.667053
-2.80307
-7.57925
-1.52093
1.07524
-0.400456
-1.59959
-0.952556
-0.249269
-2.73377
-0.332299
0.378466
-1.40477
0.182486
1.75383
-0.0338877
0.233147
-2.82513
8.28891
0.467276
-1.47282
0.476952
0.0427564
1.26826
-3.70274
-3.55948
4.36956
-3.41851
-0.0605674
-0.239761
-1.1205
-0.464123
-0.520943
4.82376
0.876611
0.80067
0.452596
-0.994891
-0.945795
3.76695
-0.868317
0.139898
4.87805
0.576245
5.38958
2.79021
-0.234981
-1.88477
3.13154
3.55577
2.84107
-0.020055
0.445735
1.98771
-3.25665
0.950892
-0.810387
1.32094
-0.127977
-0.000610439
-0.132365
-11.087
-10.2885
0.328493
0.606792
-0.418864
4.16696
-0.139533
2.44468
0.573319
0.286675
1.20037
0.358466
2.3395
-7.74784
5.59935
9.73596
0.406103
0.752608
-33.7659
1.75854
0.0485253
-0.750226
-0.281311
-1.15425
1.3532
-6.26486
1.20063
0.250938
-0.119993
-3.03817
0.559598
-1.82786
0.642722
0.978223
0.707274
-2.17291
-1.20605
0.0862888
-0.585437
-1.02271
-0.585225
-1.60123
-0.481101
-0.755449
-0.444453
-1.26872
-2.0671
-0.520621
-2.44447
1.34105
0.359601
7.94827
-0.826768
-2.46569
1.12936
1.08676
8.92132
-3.05262
-0.432427
-7.99006
-8.13156
1.35533
4.01515
-0.349377
5.44258
-0.15226
-4.54448
0.831842
2.12044
-0.346562
-0.600768
0.0819158
-16.5629
-2.48412
-2.18658
1.12595
3.40832
0.856229
-7.68647
2.2029
-0.130697
4.05663
-1.67759
-3.15841
-0.63833
5.51597
-0.0617995
1.28353
0.4076
-5.6695
1.19246
8.44403
2.18112
-0.0264845
-29.5143
-2.00551
0.51654
-2.63802
-0.254465
-0.0899775
0.0343839
6.06472
-0.0743331
-0.0200487
-1.13537
0.599119
-0.36036
1.4042
1.04888
-0.173781
0.159524
-0.161175
-1.45635
7.44187
-0.169522
-38.1922
25.1915
-0.832696
-0.818452
0.894451
-0.018667
-30.8927
-5.89986
0.409559
0.67471
3.63544
0.067992
1.06327
-0.463321
-1.88632
-0.442748
0.360905
-0.880613
0.762732
-7.26745
1.33112
-0.403905
2.23211
17.4194
0.0189842
0.345465
-10.6191
0.234532
2.31249
-1.27724
1.38336
0.920171
-2.88098
-1.09671
-0.668892
-5.62627
-1.98323
6.81646
-0.305845
-0.0914998
-0.654555
-0.174372
3.23366
-6.54345
0.368807
1.20524
3.24107
0.439325
4.39951
-0.0732816
0.132586
0.210658
0.608714
0.379972
-3.97139
4.29017
0.121895
0.598247
-29.4306
-2.14083
-1.14022
0.312689
-5.12435
0.270918
0.0785338
1.65286
0.248266
1.22544
-1.64004
5.73054
0.133028
-0.253788
-6.22656
-0.812665
-0.19879
0.829901
-1.39812
-0.327382
-0.524557
0.468033
0.638026
0.731173
-2.24268
1.93325
-0.669562
0.381286
0.625777
0.153749
0.785139
-0.941122
-0.35163
0.120498
1.1708
0.270645
-10.0624
-0.507127
-3.30606
0.0313547
-2.64346
-1.40155
-7.49208
-1.47037
-49.4895
6.16132
1.67793
9.83814
-3.37252
11.8559
-1.24542
0.341955
-0.203992
-0.00679071
-0.122507
0.70543
-1.06962
-0.84605
-0.703788
0.323176
-0.403006
-19.0317
1.54263
0.265349
4.00138
1.82904
-0.101139
10.4272
-0.0466149
-4.08666
-0.798895
-0.063758
-0.202018
-0.439475
0.0245217
-5.54595
-1.42786
0.758763
0.251241
1.38065
-0.515614
-3.44802
-2.30899
16.8012
5.79631
-0.736126
-2.86229
2.31117
1.23153
0.753012
-1.81769
0.584924
-1.6577
-0.309601
0.893741
1.59773
-9.15304
-1.98431
0.476033
0.585979
-0.638171
0.211491
0.452093
-0.71023
2.83553
-0.593489
-1.33507
-7.75625
7.1986
-0.700319
-0.275246
3.63921
-11.8209
11.3666
-0.19363
0.23791
-0.978487
5.73874
-1.69813
-0.738505
1.36631
-27.1853
1.40883
0.044403
-5.08594
-24.0741
0.491543
125.727
0.28409
-2.97619
-0.40703
-0.537521
2.22723
-2.20797
0.691373
-1.89051
0.253451
-73.9904
18.6167
-1.51013
-1.03727
-5.84052
-0.689144
-38.4798
-0.542159
0.171176
-0.752559
-1.49087
1.18853
-0.96335
0.155656
3.45761
-0.48514
-0.413517
1.86911
11.0628
3.44948
-15.5524
0.0914782
1.1115
-0.775425
1.50703
0.75623
0.101372
15.0838
0.280597
0.153191
-0.935432
1.48237
-13.0087
0.422065
0.286561
-0.845336
-1.59718
-0.834612
-0.176408
4.48129
0.142038
-2.0211
-0.6892
-0.24352
-0.273864
-0.276193
0.486463
1.16572
1.57481
-1.66309
-46.7111
0.0012872
2.44544
-0.963453
1.27644
-1.19154
1.50614
0.25773
-6.90274
0.314452
0.7894
-1.17529
2.10443
0.33087
-0.0379687
0.335775
-3.0306
52.011
4.034
-0.048459
-4.61929
0.884499
-30.9222
-1.54705
1.42371
-4.41767
3.07646
-7.65697
-1.44795
0.452434
0.655426
-0.42276
-0.911548
0.483957
0.789744
-10.706
2.14292
12.6514
3.62484
1.05983
-3.54528
-3.35047
2.55143
-9.10009
0.302757
0.0854022
0.449988
-1.70259
-3.68168
0.0620737
-0.312011
0.58789
0.5649
1.59865
2.05213
-0.155913
0.474673
0.715859
-0.492433
1.1996
0.318445
2.03571
1.44609
0.164509
54.9038
-1.67938
1.84346
1.57769
-1.04451
-1.51784
-0.709664
0.541784
-0.728558
-1.37254
-3.325
3.34777
2.2788
-2.95055
-0.408341
1.27825
-0.962452
-2.22378
1.18181
0.706609
-0.752584
-0.22798
-0.0897599
-0.862042
-2.27059
0.350406
-2.35344
-0.848039
-9.56865
-0.703393
4.19142
0.520422
-0.610113
7.04954
-1.05265
0.0703141
7.43548
-8.27471
6.26815
0.690759
1.40352
5.22672
-0.617041
0.116165
-1.92318
-0.271565
5.39415
-5.39961
-0.157955
0.401338
-0.221129
-22.8787
-0.333137
0.774451
-0.122674
-0.624662
-1.61401
2.57197
0.135414
1.36804
0.265831
0.500594
0.316893
0.212204
0.184968
-4.62468
-5.35722
1.8212
-0.700359
-0.436118
0.887019
-1.40805
0.109373
6.68047
-1.09128
1.92402
0.82119
81.5654
2.47253
15.1491
0.377035
0.430863
0.38932
2.5023
-11.7313
-22.8602
2.50241
-0.654708
0.65276
-0.731833
-1.35952
-0.189599
-4.53861
4.2172
-0.470277
0.772715
-3.13079
1.28047
-0.0353168
0.995488
-0.0509315
6.19465
7.96349
0.713581
0.537057
-0.435938
-1.08237
4.11604
3.3477
0.94311
-0.893558
4.15854
0.477853
1.44353
-1.74492
-0.00581808
0.663918
-1.20324
-113.548
4.33779
0.0924692
-0.245733
1.39717
-6.88223
15.694
2.28095
4.16371
-1.1436
-0.477315
2.09036
-0.215991
1.26486
-1.84155
-0.0477793
-0.480978
2.39954
0.638356
-4.66311
3.59936
0.106307
4.05939
-0.450546
0.0462165
-0.0787659
2.18998
-0.22193
1.34237
-3.51664
-17.8348
-0.0857482
1.09453
3.22899
2.25367
0.408773
-1.38259
-2.14094
0.137212
422.955
0.811241
0.0155086
-0.0123393
0.970788
-2.78308
-0.789098
2.10729
42.3671
0.456173
19.3494
-2.08265
1.65736
-0.0677334
0.0522364
-0.102653
1.30631
-0.677437
-2.19636
0.224654
-2.42321
1.72618
-4.01733
0.0802845
-1.13091
-1.47598
0.981247
-0.55975
-0.0991857
-0.984394
-0.40474
0.95144
-0.621599
-3.9334
-5.65957
-7.08303
-4.09455
-0.196197
3.71598
-9.97769
-0.69291
6.83255
-0.775469
0.194182
-1.1892
0.41671
4.26227
-1.20291
-3.91164
1.75371
-1.75969
0.246515
0.416247
0.750423
1.53681
-2.21743
2.74798
-0.0145906
-1.73909
-5.43211
4.54598
0.199896
1.20224
3.73292
-5.56894
1.01235
0.402398
0.0161716
0.153595
-0.635494
0.0246702
1.99378
-1.1242
-2.45153
-1.61543
-18.5561
-7.97742
1.04387
-0.367244
0.248085
-2.89982
-0.296692
2.28596
-1.09584
-0.295093
9.83805
-0.649436
-14.6999
-0.0979289
8.02609
-0.286063
-0.825766
-0.626798
0.427715
-4.94102
7.31208
0.548295
-0.447187
-1.16604
-1.2739
1.62274
2.57989
-0.580969
-1.63867
1.54321
-0.287316
-0.304154
19.1563
0.524243
-3.39008
0.305644
-12.5299
1.84881
-0.483706
7.27777
-0.354461
0.222403
1.26529
2.81408
-0.0427237
-1.12733
0.690526
2.84426
0.461975
-0.365178
-0.167767
0.389536
-108.267
0.990264
0.417191
5.89697
0.0707556
0.29189
-3.50492
2.12435
0.210607
-0.406299
8.3787
14.7083
-1.49489
0.0293188
-19.6421
0.0864196
-0.487922
2.88468
-0.73653
5.72134
-4.50004
0.566067
1.42568
0.0238676
1.33291
0.0242493
0.116062
-8.02511
-0.904434
0.0113116
-0.281953
0.106178
0.265843
0.913604
0.187316
1.49232
2.99175
0.714891
-1.0678
-1.66428
0.284912
-4.37966
-2.43877
10.8077
-1.32441
-2.95036
-0.339034
2.65253
-1.07199
-0.035432
-6.06943
0.881519
-24.8598
-0.563213
-13.8667
0.795372
-0.897989
5.02589
-0.463722
13.6493
-0.286701
1.62177
2.17068
-2.23052
0.158044
3.37396
0.604227
0.880671
0.212837
0.449892
-0.538739
-0.420194
13.5786
0.107217
-0.442501
-4.39247
-1.03934
-9.91668
-0.0278505
27.5305
0.559547
-2.42667
0.443767
2.16338
2.34066
-0.812937
-0.0783568
-9.16012
1.52576
2.62304
1.44257
-1.22873
-0.106511
-1.02649
1.21434
0.533319
-0.170649
0.0911079
0.827906
0.624549
-1.29168
-0.515543
-0.275987
-1.87094
-0.568468
2.41158
-1.49433
0.821729
-5.97417
-0.743328
0.570291
2.48927
-0.874337
-0.264001
0.648882
3.81931
-0.354224
-0.429359
-0.437336
3.74934
3.32787
22.5153
1.73472
2.3791
-0.92271
0.174121
-3.44409
-1.02124
1.53536
1.3322
-1.18752
0.823904
65.5757
-5.38301
-0.968355
49.0202
1.19215
-1.17501
-3.55552
-12.4204
0.466699
1.36105
-3.60356
-1.13962
-0.338598
0.0938452
1.33704
-3.59971
-0.928163
-6.21875
8.5705
4.18677
0.165874
-0.956819
-1.6739
-0.641295
0.798442
-0.418794
-76.0963
0.9568
-0.038656
-1.25583
-0.135592
-0.897594
-0.267272
-0.829207
6.07032
0.211289
-6.11996
-0.702975
1.99836
0.280411
-3.60922
4.11562
1.57418
0.403822
-10.0581
-1.39146
-0.599944
0.217506
1.15474
0.307077
-1.66226
-0.553251
-2.67083
-0.287059
-0.112299
-0.535066
0.957318
-0.000820268
-0.333834
0.919558
0.113279
2.91417
-0.344383
-0.41062
-0.424794
1.36597
0.500037
-0.16117
-0.676007
-0.0963823
-0.16982
-1.98056
-3.37909
0.741184
-0.461497
0.253578
0.15004
-0.854064
-0.395308
0.909092
-0.717914
-10.1901
0.711275
-0.307447
1.67579
-0.471314
7.25483
1.45946
1.43641
0.403303
-1.88689
1.25792
0.94057
-1.64571
0.0694106
5.85598
2.48316
-0.511005
0.444512
1.76873
-1.15666
9.18735
-0.19663
0.0197205
1.37532
0.875241
1.62465
-0.0587965
0.687313
1.33658
-14.9098
-0.487484
236.439
-1.04543
2.44659
-1.03554
-8.85035
0.222041
-2.33452
-0.85478
3.76143
-2.85078
-2.44378
3.75296
-4.42558
0.438078
9.7442
0.252737
-0.421631
7.29376
-1.37248
3.05618
0.524476
-3.08627
-2.08552
-0.719396
0.00722746
2.37804
-0.00333229
-0.284874
3.53029
1.32132
-0.228829
5.18445
0.365978
-1.49776
-14.52
-0.714749
0.456759
-0.475011
16.9605
-0.84279
4.19908
-0.907521
1.25551
0.271956
2.45598
-0.771182
-3.40482
0.537894
0.28913
-0.141606
1.13536
0.0711409
2.43927
1.87683
0.508494
2.47042
-0.751462
-499.87
1.33678
13.1417
2.98719
0.663046
-4.19988
-0.414295
0.479796
2.64568
-1.82792
-0.585009
-6.31191
-0.320883
-3.52108
-26.3178
1.96547
-1.14668
-0.159983
-0.57008
61.0981
-0.773896
-1.05474
0.108734
-0.319534
0.396623
8.07516
0.738614
0.872202
-7.18532
0.447977
-0.252923
0.583713
5.21998
1.03959
-0.168151
-8.72158
-0.606699
-0.97115
-0.398166
-0.868002
0.203669
1.06317
1.33345
0.355485
-0.487961
1.95897
1.44622
-0.322496
-3.73377
-10.5787
-0.470635
-8.33219
-0.797702
1.24827
2.98831
-0.58335
0.338707
-1.02789
4.97917
-0.0427152
-0.0341806
0.246938
-21.0613
1.28867
1.09198
12.6233
-0.780779
-1.67586
0.622161
2.56036
2.08196
-0.139403
-2.79279
-2.91192
-0.454638
1.27372
0.508143
-1.80661
-1.11744
-1.66936
27.4941
0.938753
-1.11066
1.38164
0.518027
3.44127
0.666593
-27.925
-4.54659
-2.93564
-0.944012
-0.123752
-0.127175
-2.56188
-0.783624
-1.15765
-0.00360408
-1.14212
1.1323
-0.533707
-0.868798
2.81523
-0.296824
2.72633
-0.970531
3.9203
0.15818
-0.395176
0.119509
0.569891
-0.527053
0.923216
-0.864491
0.137277
3.17035
-0.00187894
-2.37176
-2.53555
1.26968
3.53777
-0.585357
0.99804
0.138874
1.42816
-0.268438
-2.79021
0.0342125
-5.78309
0.489304
0.129933
-0.970014
-3.44955
-1.75436
-0.253642
0.497553
0.337016
0.603855
-2.02193
2.70506
0.0330852
1.87563
0.0108021
0.483316
-4.47325
-1.72859
-2.8601
0.989629
-0.447271
-0.673575
-0.495469
-12.8852
-0.395974
-1.86465
1.31872
-0.149424
-0.771235
1.01042
2.57847
0.197478
18.3845
1.18069
-0.857686
-39.3348
-2.19271
-0.223393
4.23355
-0.144232
1.14623
-1.33688
0.193478
0.427437
2.18819
0.0876764
143.471
1.03922
-0.101562
34.8423
-3.02234
-1.64702
-0.000412325
2.13722
0.310621
-1.30663
-0.319989
-0.558062
-0.296241
3.31593
4.53615
5.29782
0.456391
7.27557
-0.220934
0.0469313
3.95507
-3.20256
-2.95587
2.05509
-150.973
-0.149097
2.9559
-0.1525
-0.0370322
-0.131446
0.895143
11.792
-1.8597
0.0709161
-1.83935
-0.942113
-2.16584
0.174579
-0.639729
-1.14192
-5.41759
-2.04579
-1.16673
0.982969
-1.91952
0.302883
-5.13479
-6.79895
-1.43579
1.67297
2.73248
0.325328
-1.44532
-21.63
1.62107
0.794061
-0.593036
0.318121
0.938256
-0.725536
1.8283
0.835857
-5.29024
7.60665
0.099517
15.3038
-16.6658
-44.0816
3.44086
4.41886
17.6966
9.29494
1.38531
-1.02641
-1.20153
0.118864
0.0207592
3.0819
1.6559
-2.04419
-0.407863
7.49056
-3.25519
9.49977
0.472543
0.879344
-32.5645
1.11566
-0.942992
0.0539686
0.596586
1.66233
-0.580041
0.857012
0.531143
-1.56732
-0.322416
-0.27098
0.127129
-0.223284
3.30353
0.0055246
0.406626
0.107575
-0.230659
-0.160693
-1.42995
2.4192
-1.19648
0.139469
-0.167011
1.4432
0.078017
-0.658291
-63.3113
-0.859975
0.166254
7.095
0.694728
-0.323482
-1.24337
0.194845
-0.357444
1.09723
-0.14603
-0.572177
-0.40432
0.194898
6.47881
-5.77778
-26.2442
0.0890024
-0.36679
9.37774
-1.35659
0.707987
6.33283
-2.34117
-1.79324
-7.78014
1.43156
3.2142
-23.031
-1.18478
-1.51173
1.4902
-0.68401
-0.183246
1.0496
0.744037
-0.412693
-3.80756
0.357124
0.326867
-0.0712203
3.93542
0.21856
-1.40444
-0.556866
-0.427505
-34.1469
-2.55696
0.32776
32.5479
3.17805
-0.834058
2.8806
-0.155478
20.2269
-1.95239
-2.23024
-0.511582
-1.81867
3.91691
0.144592
-0.144169
5.73375
3.01707
0.376377
-0.375575
-1.78051
1.50556
-5.66528
-73.487
-0.496711
-0.00885277
-2.61497
0.606332
1.21797
-3.41118
11.3671
1.70307
0.652879
-5.00904
13.1004
-0.00589416
-0.0218924
-3.42575
0.118057
-0.0457133
-0.722427
0.263104
-3.11798
5.17414
1.51909
1.32095
0.100693
-0.0517496
-0.706854
-1.97047
-0.443523
1.44223
0.982931
-0.555568
-2.61242
0.646139
1.68183
-0.0603385
0.893489
2.36879
-0.0912949
-0.520554
-0.18194
-2.65924
0.901633
-4.61133
0.575335
-0.696385
-1.46203
0.237018
4.75045
0.254453
0.715613
1.40101
-1.3609
1.99736
6.34375
0.781437
29.1227
-0.558687
0.566089
3.32021
1.19739
10.1211
-0.92857
-4.37345
1.94237
0.190321
1.25779
0.895322
0.746187
-0.15615
-7.54307
5.06496
-1.66566
0.0485387
3.54064
4.58664
-0.307554
-7.13311
122.819
0.30738
4.36516
-0.840929
0.0846906
0.402412
-0.547363
-7.82621
-773.953
-0.226414
0.981541
-0.455897
-0.0174323
-1.32058
-5.16189
0.574458
-0.819461
-6.68389
2.30781
1.53878
0.261164
1.20088
1.77163
-2.00567
3.8246
0.824805
-2.26975
-1.15631
3.34328
0.302083
0.345842
0.331546
-1.0867
9.49741
-7.32061
-1.91519
1.58709
2.59775
-1.7774
-3.99738
22.618
0.0657371
0.27557
-1.53841
-0.250518
-1.62429
2.02045
-3.40349
2.5652
13.7923
-0.81814
0.794045
-0.292969
-0.53945
0.073538
0.58899
-0.615802
-2.53408
-0.969357
-4.47821
8.46067
2.24398
-0.853353
-0.0672525
0.148445
-0.0513256
0.768603
0.856345
-1.98025
-2.37103
0.228061
-0.58219
-0.266844
-0.983456
0.0443512
-0.428717
-2.88914
1.25811
-3.68167
-0.350348
-0.785694
-0.561215
2.31274
0.882734
-2.76494
-0.0366948
-0.0460462
-0.267315
-0.373281
-0.0846705
0.566284
17.1085
-0.167134
0.00996134
1.5581
0.480943
9.77733
-0.172192
-3.71929
3.11846
0.517406
12.2173
0.464894
-12.0638
1.3822
0.85462
-1.74701
-1.1003
-0.193227
3.71688
-0.800222
-4.01879
2.1118
-0.0658281
0.464281
0.729689
0.0479854
0.0134398
0.658725
3.3571
-0.96861
-2.23661
1.23524
0.183535
-1.43154
-0.170926
0.103067
0.311949
-0.278621
-0.467941
0.174407
-0.508009
-0.0424591
3.93434
-4.05871
-0.601753
-0.221399
-0.90055
-0.442685
-1.10129
-3.17421
-1.54675
1.10263
1.10206
-0.937411
-0.433726
2.09294
-6.89051
-5.99828
-1.11198
0.693066
2.81311
0.163177
2.91271
-0.249385
-3.07619
-2.43448
-0.973104
0.766635
0.553061
-1.44799
-3.9177
1.06199
1.10838
0.273263
-17.7695
0.41819
5.79949
1.68866
-2.09164
1.38726
-0.347614
-0.517189
-1.40184
-0.614159
-1.16279
2.90089
0.559003
-2.14563
-0.857823
0.436529
-13.7854
-1.01362
-0.410587
-0.62109
-0.915884
-0.218341
1.32672
4.40353
-3.52006
-0.452068
-1.44481
-7.99103
1.04848
-0.397805
0.597296
2.31057
-6.83492
6.17037
-0.60625
-0.560941
0.334053
-0.740648
-0.122284
0.191228
-0.484444
-4.46533
-0.514766
10.597
-3.84592
0.894709
2.51111
-1.54684
-0.113018
2.82525
-3.51575
0.0638098
-5.89864
-1.05435
6.07143
0.692857
-0.243495
0.452192
-0.22094
0.816462
-1.76794
0.0424152
2.37194
-1.55083
1.01305
-0.320005
-1.36743
-1.97779
21.3269
-4.95801
-0.53981
-1.16073
-0.265788
-0.181714
-0.354312
0.774089
-0.56431
0.170381
-1.75929
-0.723586
-15.1119
-23.3433
0.577443
-0.0169458
-2.33175
0.00785835
1.34977
7.89149
3.1375
1.15117
6.33576
0.257463
6.57824
-1.2577
0.603909
0.550633
-1.04335
0.53402
-1.48002
0.117843
4.00684
8.27253
-0.721676
2.35305
0.306406
66.6417
-0.194326
-4.75801
0.897423
-3.8789
3.93183
2.10806
-0.441038
-4.29496
2.90073
1.87837
-3.96707
1.65839
1.15621
1.35516
-14.2182
0.85992
0.356792
1.21424
1.22465
0.154955
0.339266
-0.0137865
-0.74582
0.0676932
2.15239
-0.203776
1.30495
1.61107
-1.2133
1.39787
1.15499
-3.14109
-13.1955
0.465324
0.168805
-1.48533
4.30111
2.84885
-0.421201
-0.858051
0.140359
-0.728712
8.63837
-4.83976
0.00774343
-0.174111
2.03132
0.613431
-36.0392
-0.222539
2.13095
-0.297037
8.16574
2.70542
0.474526
-0.338371
-2.15433
-0.0633131
-0.656763
0.779781
-0.505623
-1.51323
-1.25064
0.104559
0.11744
-1.7741
-21.8922
-0.490894
-16.5833
0.637275
-22.5462
-2.49344
-0.233564
-2.16099
1.45105
0.330878
0.0697209
0.997543
0.0262865
-1.05977
2.66361
0.969811
11.3139
-1.64779
0.342009
2.25713
4.75958
-1.16298
-1.60523
-7.46416
0.470911
-2.94569
15.6115
0.0242746
4.82365
1.09915
0.258857
-1.73646
-1.09134
0.309655
0.431612
-6.47467
6.39235
-0.517207
0.918867
-1214.29
-0.707272
-1.66681
0.424576
1.31654
1.05314
0.212917
-0.205352
3.56087
2.69335
-1.49007
-4.47195
-4.42558
-1.11576
-6.99335
-12.6175
0.157442
0.402863
1.29273
-2.11014
0.619027
1.44721
-1.55747
-0.876935
4.55575
-2.3125
-3.83994
-0.991524
-7.26399
-0.457755
-0.0138423
0.198983
-3.07842
0.463246
1.37843
-28.4821
-0.181188
6.06299
-0.0866406
-0.729793
7.23464
1.73109
0.201677
2.46059
4.39396
-3.17037
2.38572
-2.17284
0.617119
-0.661336
-3.47813
11.7129
-0.293279
0.403258
-3.95023e-05
-1.07519
0.246097
-1.71285
0.603601
0.689284
0.826214
1.64755
1.33046
0.0728962
3.2144
24.1236
0.516777
-0.775409
0.499764
-8.95263
0.295736
0.691751
0.170104
-0.163377
-0.676503
-0.142277
0.202025
-1.44461
-9.69919
0.746781
1.72031
0.871378
2.01445
-0.0344654
0.677554
2.28486
2.79389
3.0733
-12.9394
-2.91499
0.424955
-0.626967
-1.2938
0.942122
0.90095
0.431967
4.50634
3.67424
0.511137
-0.538905
0.578156
1.00835
0.577443
-0.525599
-4.96015
0.330516
-0.974771
0.152911
-0.0221443
-4.43426
-0.0752149
-1.69544
0.35414
-2.48912
0.395569
-1.18068
1.40188
0.183353
1.62417
1.58017
-0.784895
3.80569
0.582532
1.05288
-0.926659
-0.338351
0.110469
-9.6263
-0.671249
5.17615
-1.58627
6.21596
5.1415
0.204956
1.20653
-0.937303
0.467478
-0.110309
0.237018
0.663965
1.42678
1.40974
1.85702
-1.84489
2.836
-0.145213
2.22569
-0.716114
-0.473943
-0.700486
-7.76765
1.29846
-2.31342
-0.379336
0.378075
3.97305
-0.704167
0.194
0.714245
1.21374
0.412545
-21.9432
0.140479
0.517557
4.84753
0.450382
-0.160558
-0.0421284
-2.93949
1.60991
0.377505
2.75225
9.2013
0.475271
0.547372
-0.042756
-0.857653
0.550549
0.576414
0.0313797
1.42307
-1.71483
-0.995909
0.386289
2.51084
2.26585
-0.238796
-2.14275
-1.02285
-0.352832
1.80473
-0.228715
0.00834378
-1.20291
4.36623
-0.13211
-0.684378
-10.5262
0.38591
-0.557638
-0.0566514
-0.785252
0.111621
19.8552
1.51949
-1.14144
0.224427
3.78565
-9.93061
0.237145
-864.492
0.92551
-0.589759
0.378265
-0.324683
0.441238
-2.25209
-5.73873
-1.10607
0.486778
-16.8856
0.475302
-1.36518
-0.415832
-1.0926
-0.342253
-3.63875
-81.2735
0.341308
-0.99708
0.729019
0.736811
-3.92318
-0.484783
0.583281
0.778689
1.0934
-2.1257
1.88922
-0.525526
-0.400523
0.725358
0.570097
-4.12616
10.6794
-0.579247
-12.8745
0.490896
-2.34909
1.2486
-3.36159
1.50005
-0.104774
-1.59202
4.87497
-0.418418
-0.400463
0.498141
0.983281
0.0288
-0.44662
0.447614
0.250079
1.34233
-4.83311
-0.165431
-2.3175
0.67303
3.50842
-2.69722
-0.210205
1.2427
120.717
0.674559
-0.176359
-0.894926
0.529673
-0.564415
-0.0975866
-1.29993
-0.31376
0.412441
-1.97944
0.959766
-1.32689
1.44308
0.532993
0.381493
-1.54986
-1.02146
-8.56808
-1.27151
0.0114919
-2.06849
-0.83385
0.727263
-1.99488
2.12449
-1.32235
-2.74818
-1.95187
-2.31447
11.5568
2.09428
0.138092
-0.150887
-0.233529
-0.101708
-0.000884098
-0.323215
6.45246
3.43024
-1.34661
0.778007
3.33665
-17.2398
8.50496
-2.78022
0.847317
8.18185
0.944962
-0.912349
0.11756
-3.7918
0.337521
-3.12147
-1.3145
-5.72298
-0.658998
-0.555121
0.423776
5.89334
0.169868
0.265052
-1.03033
0.45226
-0.313092
-1.61375
-11.0095
0.771661
-0.368745
1.0129
0.10032
0.439865
5.11228
-0.0838037
-0.242685
0.402766
1.52852
0.614407
0.944325
2.37827
0.313804
-0.846543
-0.0195312
4.04284
-1.76448
-1.89912
-0.568369
0.0443947
-0.1069
-1.07783
0.22907
-1.3929
0.342815
-0.0441479
-2.69119
0.247583
-1.73933
-0.670937
-2.07874
0.241853
0.76982
-3.86209
-2.58794
-0.147035
-0.451622
-0.89415
3.45897
1.92087
-0.0962592
-4.69975
-0.500739
-1.42675
-0.318802
-0.457636
-1.2472
-0.720836
-0.27612
2.04506
0.840711
0.0317539
1.36448
0.283549
0.830265
0.965911
-60.4977
-0.691913
-0.0469046
-1.04733
5.73077
-2.62364
-4.12657
0.367059
-1.14807
-0.14488
1.97048
-1.31551
-1.03745
-2.83903
-0.205962
-0.151216
-2.86325
3.61283
-0.228469
-1.256
-2.17922
0.220088
-1.81105
-1.76967
4.25299
-0.757455
-1.46314
-2.88837
0.824258
-3.49964
0.344593
0.268902
1.39386
0.264465
23.4806
17.561
2.56949
-4.22579
1.06031
18.2674
2.27598
9.59501
-12.9102
0.901402
-1.08003
4.93571
-0.66139
1.60103
-0.29001
0.339769
-0.588746
-0.00565343
-1.65618
-7.82069
4.88981
0.587918
0.15304
-1.46533
-5.46726
-8.44494
-3.38313
-4.65448
-43.7181
-1.51645
0.29825
0.437397
-0.0161522
0.177504
-1.38584
0.899208
-0.502241
279.842
-0.697865
3.37509
-0.361559
0.0439645
2.26026
0.0725209
-0.715201
0.527066
-1.78197
-50.0346
-0.604853
-0.78379
1.31839
-0.711707
32.9029
-3.68453
-2.20022
0.0426145
-0.338072
0.355645
1.62546
-0.683233
-3.91665
0.23258
1.95512
0.502395
-1.42718
-15.1069
2.62943
-0.0514741
0.104928
0.181746
0.995898
-0.195143
0.334005
-1.36475
0.30347
1.91762
-0.487565
-2.31856
6.49305
-0.71134
1.18291
0.972615
-0.438158
0.308033
-0.90757
0.0823189
-0.779015
-0.417915
0.141142
1.32606
698.073
0.427855
0.00378444
0.902695
4.90918
-1.58821
3.42026
1.51729
0.170923
3.72555
0.489285
0.097114
1.27381
-0.37505
-18.5556
-2.2345
-1.70199
0.431992
-0.844339
1.28451
-5.84725
-0.121623
-0.422339
1.80526
-0.294191
0.659246
-1.63083
5.05641
0.0174382
-18.9502
1.55606
2.23634
-4.14745
-1.42041
4.86529
2.93732
-0.0255729
-0.55605
-1.24207
-1.25346
-0.584412
0.152787
0.553502
-0.783251
-0.0176467
0.038343
-0.908313
8.42337
-0.78894
1.56227
-0.15264
-0.85582
-0.282166
7.0038
0.245447
-3.46854
0.356205
1.36952
2.39763
9.42346
-0.137834
1.53319
0.745218
0.264759
-0.255839
0.717309
-0.133947
-1.99432
-2.65291
-0.824455
5.34956
2.48806
-1.48707
1.02128
0.658145
0.273525
-1.08384
0.00552868
1.14435
0.295926
-0.291246
1.90784
0.576457
0.363934
-0.571563
-1.98487
-5.11265
-0.59872
0.297118
-2.25078
1.42712
-16.6085
4.86826
-0.275992
-0.0890761
-0.418986
-2.34903
-5.2456
-0.650397
-0.279612
-0.733906
-6.28934
6.32938
1.29566
-2.37378
-2.17849
3.41326
2.24488
-4.0002
0.295405
2.15349
-2.55927
0.420302
-11.1844
7.08249
0.726133
-2.81115
2.11513
-11.3095
-11.7042
0.85656
-1.35009
-1.21794
-2.00636
-0.731765
0.718428
1.90605
-5.05602
0.243916
-0.993462
-3.36406
0.877879
-0.730738
-1.27448
-3.01879
5.05079
-0.155226
-0.0514736
3.31382
-1.38436
0.568115
0.237942
-0.526321
-0.502877
-0.929164
0.252179
3.47626
-0.0536937
-2.09844
0.848173
-0.180637
-0.401735
-0.0239964
-0.30155
0.746868
1.35344
1.14096
-0.0108637
-2.13906
-0.791931
3.90944
-0.35396
0.884051
-1.5672
-0.274703
0.465485
1.40435
0.133795
-0.41705
0.785198
0.0515631
2.14553
-0.279553
-8.72653
0.444135
-2.12319
25.0514
-1.27873
1.63176
-0.0303521
0.198336
0.892464
1.55684
1.34912
-9.88785
1.54221
0.287876
1.88358
1.06332
-0.734094
-0.643525
2.09856
-3.16091
-0.271426
-0.766446
0.144226
0.659623
-0.0281618
-0.461263
-0.925633
-0.345574
-1.88086
0.168864
1.02346
-0.297679
0.450555
0.257909
-19.2804
1.53127
0.063704
-0.373678
-1.68176
0.849426
0.390161
7.31152
0.458851
-0.0407827
-1.96719
0.404574
-7.42868
0.259668
-1.18669
-0.165618
-0.412688
-0.0419898
2.7911
0.390835
1.09413
1.00949
0.2631
1.09376
1.62984
-1.56347
1.03296
4.74185
-2.39426
-1.0258
-1.15837
0.950537
-1.2983
0.436878
-0.819693
1.55095
-0.640427
0.34508
-1.83332
0.136913
1.47965
0.204972
-0.589828
1.57451
0.0396615
0.996901
-1.57951
1.02474
3.1878
0.135402
8.89512
0.868284
0.894884
1.13099
0.0159082
1.20372
-0.176769
1.25362
-3.34188
-0.219916
0.169045
-0.617028
0.698204
12.7702
0.00967742
3.1044
0.63385
-0.359533
0.864508
6.61239
0.167876
-2.35861
0.0703773
-0.157867
-0.0519644
0.637009
-7.12187
1.11116
5.75927
-0.760069
-0.0912877
-1.2681
0.506447
9.63629
-1.38398
-2.39018
-0.49518
0.676007
-4.65565
-0.594093
-2.27537
1.32173
0.0339861
3.765
-1.20699
0.0899677
-1.53664
1.48008
1.28322
2.26605
-68.7627
2.62514
-1.43969
1.07131
-4.27863
-1.31531
-1.0025
-4.9174
0.353969
0.183537
0.844986
-11.4303
-0.594114
-0.765508
6.56711
-1.26268
0.968174
0.171875
-1.53991
-1.59852
-0.468086
1.30511
2.20848
-0.496121
1.40065
-0.965075
-4.57296
-0.179456
-0.151532
1.04859
3.37284
-0.675739
1.0954
0.300689
-0.665449
-3.35291
-0.846827
9.01343
-0.615358
-0.893746
3.78237
-0.173525
-0.242115
-0.318772
-0.00663688
0.48811
-3.74926
-2.06375
0.881441
-3.01591
0.496009
0.715896
0.746532
0.302742
0.0375171
0.787729
0.237706
0.943493
-2.27084
-1.04066
0.151084
1.39796
0.0854559
-2.32537
4.30318
-1.20485
0.382498
-0.601424
0.963251
0.343009
0.717438
-0.214434
0.992175
-0.259414
0.769724
-0.243829
1.77504
0.200229
-0.773078
9.24384
-1.30271
-1.57116
0.29591
-0.480179
-1.0379
-1.05709
0.906793
-1.18016
-0.993418
1.1143
-1.6935
-1.27484
0.477462
-0.168832
0.912709
-1.14981
1.71914
-1.4671
-0.328367
-8.39791
-1.38942
-1.5482
-0.718748
0.486533
4.88985
-1.4274
-0.663058
1.39267
-52.926
-0.129307
-16.7715
-1.51896
-3.07177
3.24813
1.90653
0.114827
0.952519
24.0832
1.95151
0.322281
-5.2133
1.71429
-0.21498
-0.738978
-21.9127
0.383482
167.892
0.295859
0.223381
-0.0925364
-1.81138
0.69887
-6.1663
1.31814
0.310437
-1.34166
2.33964
0.395547
-5.54843
5.42154
0.0828273
-1.97333
-1.31285
-1.14137
-0.954758
3.65778
-2.6986
2.0185
0.694948
0.313859
-0.136851
1.30554
-0.554597
9.16106
0.814984
-3.28993
19.0417
-1.70661
-0.315331
0.668042
0.945387
0.965582
-1.2601
-2.73014
-0.981977
-0.614923
-0.272651
1.96253
0.130494
-3.28971
1.56468
28.0463
0.245648
-0.086599
1.46334
1.39826
-0.62721
-2.05489
0.126826
-0.345183
12.7578
1.02583
0.017595
0.266535
-0.295819
0.692375
-1.40431
-0.345869
2.10143
-0.00490061
0.374394
-1.43393
1.13654
-0.803622
-0.271454
-0.363486
-0.124374
-0.859047
-1.86524
-5.30599
-2.12393
-0.135525
-18.0645
0.15698
-1.56278
-0.864597
-0.0162868
-6.20512
-0.375613
-0.752902
-1.01131
0.0674595
-0.281577
-1.34584
-0.843609
0.197993
-0.107393
-1.24456
0.630981
-1.55556
0.939009
0.260542
-0.633279
-1.53841
-1.72618
-1.37584
0.826756
-5.43682
-2.08966
0.0831206
2.0181
-0.317535
-0.626841
-1.51988
-0.222039
5.36681
-0.434507
0.923311
-3.7305
0.566555
0.901558
-3.96589
-0.242882
-2.02575
0.722882
14.578
0.560823
0.610609
0.5237
-2.29185
0.214195
2.79846
0.182145
0.216289
1.93761
-0.84976
-21.1873
0.0245811
1.64571
-0.149443
0.264682
-0.777103
5.25468
2.88141
-0.632309
0.847654
0.382138
-8.02245
0.340332
0.513572
-1.41699
0.21432
0.582085
-1.36755
0.284129
0.355611
1.92952
1.61207
2.98253
0.453511
-0.905128
2.01111
0.332249
81.3334
-15.2105
0.86634
-3.33294
2.7198
1.27205
0.209992
0.577248
0.0803433
-0.548494
-0.0614861
8.0666
-0.722493
-3.10179
0.0570239
0.185927
-0.962497
0.93203
-1.0287
-1.00515
26.9725
0.0123053
-1.92651
-4.71048
0.0778053
0.445673
1.00794
1.28111
-0.628956
1.58822
-0.114031
1.45245
-0.0913998
-1.71907
-0.607495
-0.66619
1.97133
1.56456
1.69853
-0.535635
0.304615
3.89808
4.63777
-0.986712
0.35708
-0.594938
-1.80664
-0.16706
0.733151
0.202429
-0.0153564
-0.141593
6.70137
0.555994
1.30486
0.740998
0.957326
1.02157
-0.112488
0.163562
-53.1213
-0.633804
-1.68668
17.2049
-1.76573
-0.989521
5.89996
-0.511698
-1.44395
-1.38749
1.97917
2.79374
0.614121
0.421688
-3.48583
0.523685
-2.27513
0.337966
6.91416
2.46505
0.154524
0.253646
-2.62136
-0.00210964
3.51752
-0.421805
-1.23919
0.906503
2.48929
1.84835
1.32005
0.205663
-1.42426
-0.757356
-6.67638
-1.53023
-1.23939
-2.5631
-0.153936
1.14303
0.624481
0.045312
-0.329506
0.272587
-0.117521
-0.0268444
-1.22011
0.747283
1.65325
0.0878348
0.914303
0.463826
-13.5991
-0.256001
0.153347
0.888207
-0.356522
-0.042957
-2.67547
1.2423
-6.54783
-2.44764
1.9361
0.147088
10.5314
0.041175
-1.0595
8.70248
0.613451
0.922114
-170.541
0.422434
2.34766
0.819823
-5.06902
0.704308
-0.294392
-0.619234
0.79356
0.0205765
-44.0779
-1.35027
-0.99215
-1.08264
0.227378
-0.942641
-1.31764
0.766488
0.00388984
-0.105742
4.58858
0.265948
-0.345861
0.505145
0.265755
-0.900656
-0.700089
-0.0700998
-0.298908
2.72217
-0.148485
2.78122
-0.115449
14.9822
7.12795
0.260739
0.528288
-32.9313
-7.90341
-0.687202
-0.202356
-15.4368
-0.0969169
0.477026
2.07287
-1.90934
0.4432
0.5549
0.952209
0.207395
0.907976
-0.130393
0.615798
-23.484
-0.0875199
-0.518298
-3.39032
3.72931
0.91405
2.36484
-1.65907
1.17269
-0.703318
0.0913112
0.163966
1.50278
1.44129
-13.2686
0.746868
-0.452794
-2.3989
0.85198
1.98737
10.7834
-0.319423
1.09769
-0.239318
0.16119
-0.198045
0.838586
0.674466
-2.7273
-1.89002
116.958
0.265969
4.22126
0.817589
-0.917575
0.967606
0.18288
-0.606939
1.73828
-3.29849
0.151871
-0.132713
1.2044
2.53277
2.84631
2.41503
-0.481855
-0.197968
-1.51598
-0.341517
-7.66753
17.9851
18.2115
0.595541
-0.674599
-1.12681
-7.75681
-1.42393
-0.326451
-0.474359
10.7181
-4.587
2.46055
0.060202
0.155577
1.29067
-0.575325
0.881497
2.11129
-0.704589
0.0159262
6.45644
1.29588
0.949103
-21.9163
-0.420147
-44.4788
2.55905
-3.8492
-0.121955
0.713568
0.928206
0.915991
-1.20193
-0.511208
-1.18131
-0.769838
0.474669
-1.59565
17.5841
-1.55641
-0.15202
-3.12364
2.03642
-2.40326
1.84784
-0.723688
-1.98633
-0.945202
1.29602
-3.67586
2.01277
-2.58168
-0.490879
0.343589
-3.5906
-0.446107
-1.00374
0.342467
-0.608253
-0.504042
-2.40799
-0.30057
0.0820368
-0.346547
1.57202
2.98745
-4.2104
0.439619
-1.84464
0.037275
-2.06739
-0.267016
0.47364
0.479926
1.35754
-0.178671
0.694791
1.09894
2.60673
0.606831
-1.37088
20.3658
-0.0473475
0.122194
-0.017735
0.366036
-6.40106
0.133047
-8.44268
-1.07315
0.854893
0.861793
-1.51146
-0.804265
-1.77722
-0.87061
-0.242048
1.18595
-10.4571
-0.673148
0.728745
-0.727992
3.36431
-0.828609
5.59993
0.304858
-0.478372
2.73489
3.10354
-5.106
1.48008
0.466052
-0.605735
0.0725152
-0.679834
0.479002
-1.38983
-2.29502
0.597808
-1.45495
7.71393
-1.34792
1.23545
38.3977
2.59436
-3.90081
-0.0139364
2.71197
0.554395
0.549346
3.13876
-0.467267
-0.0406144
1.09531
-1.51478
-0.106944
1.37435
-0.893733
-0.447045
683.291
0.467158
1.10946
-0.951708
-0.333369
-2.53281
0.481624
-0.821794
28.5287
0.0166272
0.679065
-22.4973
-5.70975
-1.40705
1.11861
16.0715
0.46712
-0.307539
-0.533325
-1.33088
0.421835
1.05048
-1.36757
1.29304
2.14007
0.942432
0.887784
3.82991
0.996579
3.30752
-2.2512
-0.39937
0.876152
1.16968
0.582167
-2.90132
-2.46898
0.222635
0.673515
50.5803
-2.90281
-1.93243
-0.68909
0.486258
-2.41819
2.53436
0.140354
-0.898996
-0.143815
0.210787
3.10799
5.75842
-2.27119
0.552623
1.06157
0.589234
-0.527212
0.975691
0.274167
-0.960679
0.343697
3.64946
-0.181755
-0.146821
0.876276
2.02158
-0.288202
-4.52688
0.00570062
0.386254
-2.36865
0.48915
0.342189
1.96213
-0.277476
0.712351
3.00741
0.638972
2.66864
1.95925
0.527765
1.42897
-0.991228
1.10239
6.85696
-0.0338223
0.690828
0.998506
1.18521
0.573989
2.26176
-1.59562
-1.37496
-0.722695
1.7065
-6.11743
0.887146
0.08136
-0.21435
-1.0729
-0.193309
-0.343426
-0.866973
0.690158
3.69909
-1.25536
-1.32756
0.710701
-1.19499
3.11514
17.1885
-0.350941
-1.10266
1.32897
-2.45108
0.511583
0.976998
1.33162
-0.196031
-1.91281
0.189444
3.41031
0.553582
1.65057
-0.354608
0.198134
1.21638
0.584345
0.844178
0.194055
-0.970471
-4.08874
-1.25113
1.08281
-0.852163
-1.58227
-0.766722
2.64079
-0.536392
-0.692842
1.68812
0.243057
0.811467
-0.986473
-1.48967
6.48632
-1.52775
0.868469
2.69989
0.0470268
0.592217
-0.754566
-0.137837
-0.38179
-4.06898
4.00133
1.44063
-1.45766
1.90288
-1.11758
-2.32576
-1.26183
-1.24757
0.177747
0.910912
-1.13351
-0.0617925
16.523
-0.923533
-0.966697
-22.9219
0.126806
1.23057
-0.440634
0.50791
-0.820795
-1.35056
0.564121
0.366226
-0.915599
0.481815
-0.834055
1.21529
-8.97617
0.248273
-0.297223
3.14273
33.0645
-15.095
15.9706
-0.449681
-0.600227
-0.120232
-0.0185826
6.34948
0.917163
1.93818
6.29025
-0.633249
-0.069583
0.011932
-3.61588
-0.0492909
-1.29823
0.260669
0.699024
-4.69512
1.22112
-0.830003
-0.248502
-0.675255
-0.47998
-1.35853
0.532265
-0.345438
2.01114
2.99651
2635.75
-0.313298
-0.108219
2.10447
11.419
0.269992
0.243212
2.84303
1.09442
-1.02399
0.384086
0.903084
-5.76437
1.1315
2.34328
9.06395
0.0155173
0.142476
0.896252
-0.50896
1.8479
-2.78053
-0.40969
-1.24727
-0.123626
-0.910507
2.2917
-1.38859
7.68994
-0.0453891
0.0638644
1.87465
5.57781
1.62257
-5.06978
0.204293
-1.44812
-3.07788
-3.2601
-1.6434
0.271007
0.539149
0.464162
8.34018
-0.544294
1.02989
-4.33454
-0.188428
0.863826
0.201239
-2.35254
-3.70222
-2.44263
-0.767815
-2.41828
0.229736
-1.39204
-0.479444
23.4464
0.459421
-0.194709
-1.2864
-1.01644
0.225607
-0.545551
2.02987
0.310073
0.0625682
-0.0484797
0.0691625
0.842898
-0.696808
-0.0881163
0.370824
-14.45
2.15983
-1.15024
1.38009
-0.202086
0.0228816
-0.458002
0.615312
1.26755
-5.3222
1.62454
-1.06612
4.43922
-1.35815
-2.05317
-0.654862
1.59303
-1.3921
-4.67675
-1.82895
-51.3582
0.539207
-0.0232971
-1.67602
-0.837965
1.80706
-1.22465
-0.440888
1.29906
134.686
0.0528662
0.421189
0.767369
4.12941
5.25435
0.0681429
-0.54385
0.984877
1.27924
-0.775173
0.052091
-0.729144
0.677696
3.17619
0.883897
-1.99674
-0.940791
0.640355
1.14579
2.05677
0.318661
-4.30414
-0.400191
-4.3241
-4.33253
-0.411115
0.203235
-1.85979
-6.69831
-0.160498
1.33039
-0.504244
-0.0997188
1.74227
-3.36254
-0.747312
0.555287
-0.900462
-10.8315
0.630333
-11.9691
0.502386
-8.20386
-0.248319
-0.995497
-6.5483
-0.694508
-0.614643
0.569754
-0.482965
0.811164
-17.401
-0.376435
0.451088
0.352306
0.780703
-2.51867
8.20259
0.152589
-1.0344
-3.32876
0.100113
11.9551
0.0313235
0.457763
-1.36979
-0.31894
-7.33375
0.653917
-3.55719
13.4828
0.429367
3.39467
0.774033
-4.11917
-5.92846
-0.486003
-0.399613
-0.280065
897.474
2.36194
0.549304
-0.436049
-1.49939
3.1891
-0.911349
-0.838035
0.353447
3.08946
-0.316184
2.56573
-0.711852
0.221828
0.119205
-0.615803
0.154062
0.187372
0.608485
-0.531863
0.574659
2.8997
2.47875
0.16345
-6.41482
0.493788
-0.906595
-1.03568
-0.0590686
-1.70595
-0.148397
0.0248168
3.10217
1.23263
0.388311
0.0411034
-0.0341969
2.74958
-0.572015
-0.00275482
-9.42148
1.76977
-1.83801
0.513084
0.733605
3.41254
-0.476982
-0.462367
-0.67268
2.46819
-0.504093
1.49263
0.6717
4.07336
1.74065
-0.141292
2.8372
0.287376
2.29896
-0.209802
-1.51848
2.35867
18.0934
2.06866
2.59466
-3.28147
-0.859158
-0.132071
1.59551
0.499293
-2.12271
0.125172
-3.29702
-0.795772
0.395988
4.82432
0.821144
0.498215
-2.37149
1.53961
0.631468
-1.43228
0.848507
-1.18505
0.708922
-0.352888
-1.17723
3.44571
1.34729
-2.28529
-12.3953
0.124767
0.553527
-1.246
2.04741
-22.3301
1.3181
-0.808993
0.413554
0.853775
-2.78712
-1.15241
0.103616
-0.0839814
1.34156
0.871731
0.84413
-1.25384
13.5167
0.21923
0.570756
7.25334
0.429597
-0.140794
0.169892
-0.324988
-2.84359
2.01618
-0.697538
-0.773321
-3.38631
-0.238367
0.824013
0.00777306
-1.66051
7.38945
13.9389
-4.15754
-0.663916
1.73376
0.930806
1.93407
-2.833
-0.927505
2.29107
-0.244741
0.0657001
-0.17561
0.120946
6.05891
7.49908
-7.35724
-0.0126874
-12.7618
5.43867
0.731045
0.385125
-0.215124
-1.60727
0.208536
-0.245914
2.48703
-1.25102
0.133216
2.40385
-0.769346
-1.46169
0.447124
-13.7251
-88.2663
1.28813
7.39615
-2.19148
2.05834
0.327292
0.543774
1.10921
0.866926
-0.910849
-0.48524
-2.01802
-0.673948
-3.06903
-0.934348
0.232717
11.201
-1.66513
-0.539773
-10.2965
-0.0271466
27.3107
2.40975
-0.0242654
-0.00609446
0.752273
-0.274043
1.07159
-1.37952
-0.54292
2.51898
-0.580535
2.38437
5.09339
1.1502
0.628393
-0.512722
4.39827
2.50671
-0.855349
-0.685162
-14.2883
0.0220049
-0.128359
2.0623
-0.302545
-0.118252
0.82944
1.67813
1.17798
12.7247
10.7122
0.739863
0.531248
-1.54093
-1.42168
-2.43562
0.20199
-0.749975
1.08507
8.28758
27.1011
-1.02076
-0.811087
0.608433
11.5913
-1.0407
-10.8768
1.73899
0.418057
-0.955982
-0.679505
6.5943
1.60274
-3.5316
-0.0675848
0.969619
0.947764
0.340034
0.0201129
-1.62865
0.289764
-3.20672
-0.311798
-13.2082
-2.50505
0.106491
-2.56484
-4.06392
2.77334
-0.123836
0.645557
0.233144
-2.27678
0.525872
12.6102
0.686379
-1.53373
-0.00999024
-0.745093
5.32201
0.487029
-0.701258
-0.427911
0.96743
-78.8858
-1.83591
1.93352
-0.644432
5.13825
0.648637
-0.0825345
-0.0200828
-6.37901
7.41117
0.177042
2.9234
0.619076
0.00984863
0.344859
0.589728
-0.811357
0.355805
0.831944
-2.92042
-1.64924
2.17098
-6.03993
-0.826626
1.69101
-3.02472
1.76467
1.78161
-0.316714
-14.5803
-6.28927
-0.454144
-0.952039
0.525355
-0.554486
7.09235
2.78285
0.391182
-0.345171
-0.191088
-1.57933
-0.579341
0.701497
-2.51454
-0.391531
1.09919
-1.68289
0.696583
-0.133784
-3.8523
0.423113
0.876408
0.24272
0.846815
-3.21232
0.858724
-2.61384
-23.1027
-0.221625
0.191175
-1.01987
-3.43465
3.884
-0.668364
-0.0586401
1.09979
2.79572e-05
1.11263
-9.3374
1.23086
-7.56325
-0.65498
-0.432985
0.220162
7.61794
0.247832
0.300874
0.782514
-0.487167
-0.997487
-2.59967
0.151822
1.14396
-1.92164
0.304295
-4.92093
1.39177
1.28762
2.40296
0.0177868
0.302979
-0.160001
-0.326922
2.64286
2.37472
-0.641397
-2.30987
1.68103
-3.47249
1.34874
1.70384
2.11855
-2.91614
-1.70161
-1.59091
-0.704848
0.723445
0.610689
0.822887
0.602132
-0.631245
-1.81784
0.372518
0.547292
7.74238
12.0811
0.746718
-0.68037
-0.937111
5.06601
0.011959
1.19152
-1.65894
-0.117083
-0.0759927
-4.34461
3.24119
4.12013
8.97736
-11.4827
-1.022
-0.67591
-2.09722
0.582972
1.41345
0.635956
1.57774
10.1109
-0.210457
-0.116465
1.75204
-2.02218
-2.32778
-7.36708
0.74303
2.68756
0.747801
0.0463917
-0.292095
2.28833
2.78909
-7.60212
0.80043
0.060394
-36.5623
-2.08238
2.59376
0.280684
-26.5135
2.50888
-5.58201
-0.609067
0.807217
-5.79524
1.42805
-0.450286
9.64138
0.0516093
1.69222
0.0419664
-0.452839
-1.10665
1.75621
0.802125
-2.11399
1.48487
-0.161644
11.7089
-2.69175
-0.646829
-7.52926
1.04863
-0.314502
-1.11985
-3.81427
310.887
0.545491
1.26272
-0.446921
-0.0292704
-0.596327
-1.57934
1.058
-1.21372
0.283181
0.382849
-1.30998
-0.330927
4.95574
-0.67135
-2.23327
0.648565
0.401899
-0.63069
0.0801067
0.919279
-2.47769
-0.364079
2.72069
-1.50836
3.94092
-0.595781
-0.216992
1.01621
0.224102
-5.0968
-0.54171
-0.89635
2.29557
0.081825
4.19749
-2.59802
-0.177059
-3.55956
2.24704
0.793263
-0.611971
-3.43094
-2.47235
-0.449869
3.41622
-1.36642
-2.04216
0.48498
-0.834211
1.14197
2.61455
-0.393848
-5.96052
2.24027
0.32221
3.56236
-1.16161
-0.105259
7.15561
-14.4973
0.74457
-0.190632
-7.01929
0.101917
1.58584
-0.321135
0.0677451
0.621958
-0.160886
-0.411
0.175392
-1.90898
-0.397709
0.414888
-0.231432
-0.0195573
0.656527
0.907744
1.11131
-1.2647
0.806728
-4.15235
0.436564
2.05969
-0.304414
1.33607
-0.766211
-1.19847
44.5595
1.0593
1.51258
1.20594
-1.74562
3.52602
1.98102
0.425606
12.0949
7.42777
-3.88474
-3.5399
0.749136
0.221838
-1.98782
-0.782985
3.9478
-0.260804
5.90309
0.90291
0.361102
-0.226578
-43.2815
-0.643988
-3.84324
-8.09508
-3.69291
2.54029
-0.437217
-1.9783
-0.0975528
-0.0840307
-0.554249
2.14774
-2.67794
-0.577953
-0.757701
3.49392
0.637227
2.87606
4.55274
-0.128946
0.347489
-0.196166
1.22043
-0.978722
-1.02031
0.691342
-1.08284
2.1045
-2.9341
-3.96483
1.56657
-0.402861
1.93253
-8.18224
-0.131833
-0.403857
-3.00159
-1.27213
1.04438
0.216605
0.757872
0.0881828
1.89079
-1.17631
-3.27268
-1.06915
1.15379
-0.845327
-0.187457
0.504643
0.0678144
0.604152
-2.8365
-1.02613
1.47711
-74.0547
-0.181977
0.0015596
-0.563443
5.16468
-10.6728
0.724015
-1.14977
5.42136
-0.25383
-6.57842
0.825047
0.47234
1.51134
-0.577469
-2.21689
1.17889
4.48326
-4.26808
-0.469664
-2.21243
2.64882
-0.131463
-1.6052
0.383854
0.580352
1.81549
0.399149
0.0211671
26.7454
-0.794732
1.53008
4.26953
-1.06077
-1.22402
-5.53713
-0.605247
-0.261855
0.516515
-10.6323
-0.374829
1.2325
0.131793
0.817145
-4.81653
1.5301
0.925515
-1.01341
0.13116
1.73718
-1.60084
-1.743
-1.00726
-0.0632399
-0.804841
1.73468
-2.57858
-0.130193
2.49664
18.0109
-1.1607
-4.71807
-30.8297
-1.39011
1.61686
0.240425
0.565703
-0.949235
0.265702
0.780457
0.125262
-0.879505
-1.22097
11.0556
-0.709474
2.97819
-0.590233
2.03662
0.360423
0.351662
-0.073593
-0.80222
1.41124
0.77817
0.572004
0.537315
-3.3953
-0.0319417
-1.74285
-0.84337
-1.37972
0.525066
-0.912206
-2.45922
-1.13166
-3.49675
0.839462
2.47423
2.2401
-1.10826
-0.779256
2.2665
-0.866024
0.52905
0.712348
10.4081
0.133745
-0.352785
-1.10456
-0.00527941
2.48008
-0.132499
-0.264448
-1.15657
-20.8167
1.31575
-0.683792
-0.81424
-0.202633
1.55785
1.81367
0.274113
0.600093
0.107664
2.90578
0.103245
61.2931
0.00924611
-0.929351
-12.1789
0.346097
-0.559686
-1.16048
0.373497
-0.147531
2.0959
3.35953
-0.967646
-0.220996
0.28533
-1.31468
-0.826513
2.21869
0.49001
-0.401316
-1.25512
1.42618
1.60119
-2.99559
-0.892854
3.23073
0.483322
32.5993
0.367486
-1.58539
-1.35271
0.862572
-1.25426
0.174222
13.9321
0.943019
-1.82677
-3.05193
1.25199
4.8828
1.29141
0.158552
-0.539575
2.83284
4.66571
-2.1528
-5.05192
18.6977
0.486753
1.00605
1.16621
1.62448
-0.360558
0.750045
-0.125222
1.19745
0.615369
0.387076
-45.2208
1.03654
1.91709
0.0899322
-1.00726
-0.462031
-0.158678
0.243716
-0.970319
-0.304014
3.21371
0.879246
-4.00105
1.53847
0.903492
-1.02191
0.356134
1.02136
-1.0682
0.0510763
-3.63239
1.27796
-0.60956
1.4816
-1.15975
0.052926
-14.0142
-13.8671
0.15141
3.0098
-5.52866
2.09275
0.1169
-0.146554
-4.05744
0.490037
0.328145
-0.812836
0.47322
-0.409219
-2.47276
-0.548028
-0.0600049
-4.14935
-1.50062
-7.66311
-2.87408
1.98336
-3.75791
4.49105
0.00207154
-6.80466
0.839707
5.58123
-1.13095
-1.33029
-0.871893
577.134
-0.724369
-0.315117
-19.715
0.426593
-0.473105
0.429989
-4.12861
3.20806
1.57064
2.04609
-2.59542
0.1823
-0.451862
1.44441
-1.68345
0.81885
0.563042
-14.9762
-1.41952
-9.65761
-0.172511
-1.04258
6.24491
-8.08041
-0.485368
-0.674152
-0.255935
-0.102202
4.71483
4.92537
-0.603703
-0.256333
0.439833
0.0388064
-0.663233
0.130044
-0.489611
-0.803749
0.469981
1.43006
1.26762
0.56543
0.981409
-1.16485
-0.863331
2.95188
0.526616
0.263739
0.0704057
0.000807817
12.2804
-0.581588
0.605841
-4.21677
-0.12048
0.759522
0.657643
3.05352
0.903261
-2.46804
13.6685
-1.36515
-0.287894
4.13266
-0.598099
-7.60078
-0.75028
-1.38394
-0.0440583
0.456488
0.176252
0.893196
2.17205
0.429636
-1.95194
8.20207
3.24628
-0.353714
-2.66493
0.0315334
12.3363
0.394277
-0.953401
0.570612
1.72735
-1.05597
-1.24433
-2.1106
-0.846349
1.92398
1.96171
0.566844
-2.4747
-1.72564
1.18542
2.46477
3.11195
1.34591
7.84526
1.13961
-1.42851
-0.29848
0.402886
7.29304
0.429612
-0.260294
6.06804
1.97617
18.7409
-0.923934
0.869333
-1.19817
-0.326988
12.539
-0.699118
7.72606
-1.28487
-2.73265
-2.55035
1.40348
9.53129
0.819523
0.520155
-1.21643
-0.545565
-1.87761
0.147829
-0.304361
-1.1402
-0.45006
-0.444313
-1.33485
1.39021
-0.581303
0.315312
1.80573
-2.63648
-0.423551
-2.01517
-0.800783
0.0515221
0.90423
1.09107
0.576657
0.000436953
-0.979446
-0.359336
-1.28301
2.79375
-0.784496
-4.61707
-0.361348
0.127561
13.5513
0.793571
-1.22388
6.58436
0.0701358
-0.379554
4.20232
-4.67683
0.33792
1.34184
3.1742
3.12203
-0.129271
0.419582
-1.52381
-0.0445126
-0.456988
-0.593443
0.438952
-0.0289772
-0.838108
-1.25424
-0.587357
0.699497
-0.197493
-2.33405
2.19913
0.00755905
1.13322
-8.54132
-0.28357
0.630762
-1.21953
-8.33969
-0.372129
-0.447967
-3.44196
-0.750208
-0.513886
-0.526237
19.3486
-0.961865
0.26709
-0.538184
0.237179
1.3906
-0.0855865
-1.48741
0.278083
-0.123867
6.61437
-0.194603
0.536842
-23.7523
-0.712489
0.287687
1.49548
-0.503395
-0.444733
5.09679
0.690176
-0.686137
2.26339
0.642259
0.19716
-0.181618
0.127989
-139
-0.156999
-2.62022
1.75714
-4.46363
2.55716
-0.17026
-0.160554
-0.408507
-0.324694
-0.710309
-0.584777
8.19412
0.614143
-16.8273
-0.311336
-1.85925
0.536438
-13.3401
-1.46989
0.59241
0.255383
1.83757
-4.76935
-11.2477
-0.293388
0.0359927
-4.36734
0.0479322
-6.2493
0.396201
2.55847
2.22307
-1.30132
1.43333
0.779943
8.73552
-0.0467274
10.09
0.330544
0.699775
1.95572
-1.1439
0.851703
-9.0536
0.41522
7.28314
6.75212
-0.0226285
0.0298544
-0.882609
1.7804
-0.222389
-1.25182
1.27313
-0.419059
-19.3495
0.946713
0.198411
-1.28537
0.274924
-1.83608
0.971539
0.691084
-2.33261
2.67395
0.264653
-1.46833
1.361
0.97539
5.36157
-0.721455
0.44257
4.54709
0.987111
-0.829363
0.119703
-3.84786
-1.38162
-0.674021
-2.81483
-0.624358
0.335366
-2.87548
3.78918
1.95311
-2.32814
0.805456
-0.678416
-5.85628
0.374805
-5.87753
0.410907
0.916675
1.86063
0.143061
-0.658956
-1.4482
0.0692438
-0.555633
3.87522
0.439397
-2.39217
0.470849
-3.67531
-0.136235
-0.806027
0.301004
-0.161218
-2.67034
-0.362906
1.91265
3.05481
1.58345
4.93137
-18.0909
0.366692
-0.313494
-2.16511
3.95556
1.95078
23.2179
1.42106
-0.376774
0.734678
-0.863366
-2.0676
-0.190564
-0.891505
0.437325
0.432388
-1.01915
1.33823
0.226098
-2.94053
-0.718446
-1.2152
0.764811
-1.2586
0.97692
-0.325864
-1.54703
-14.147
-2.11735
8.46962
-2.3757
0.568742
0.0877996
-0.943356
3.53769
0.646149
-0.430135
0.0362613
-1.16667
-3.55307
1.24617
-0.625152
-0.461871
1.09177
-0.980614
-9.63638
4.7025
-2.74163
-0.0806827
5.75887
-4.69317
0.241297
0.224063
2.10944
-1.18746
0.209567
-0.331549
-3.56481
2.96253
0.937301
1.11733
-2.224
-0.316858
-0.602241
1.05328
2.27715
-0.0161869
-0.631226
0.701892
0.242587
0.29089
-0.477509
0.0185702
1.14797
0.778595
-4.99533
-1.3097
1.49905
-3.51675
1.6787
-5.35507
-7.5009
-0.144755
-2.67284
0.143974
0.0282242
0.0194328
0.816379
-3.28456
0.0109584
-3.48108
-2.32708
0.256246
-25.8864
0.0325003
16.1042
-0.654584
-0.54019
1.46625
3.14071
-0.35892
1.75134
-0.369326
0.890964
0.354102
-0.0776253
-0.0265356
0.154924
0.649221
274.031
8.05488
6.05477
0.71292
-1.94127
-0.219637
-0.21715
0.876283
-0.33034
18.2119
1.92436
-1.81602
-0.440669
-1.57685
0.356356
0.20954
1.54028
0.0465705
0.0272721
0.400737
1.2822
-0.720197
3.68376
0.182478
-0.507732
1.81766
2.33118
-3.19395
-29.2393
-1.56738
-0.624249
-0.15038
-0.242427
-0.900717
1.48238
-0.392173
0.101772
0.554418
-1.28506
31.1578
-0.193312
-2.10039
-0.380627
2.54667
0.392682
0.744237
2.4917
-6.80385
1.96814
0.502031
0.116307
0.43064
0.215079
0.0308094
0.933114
1.77843
2.02394
1.90063
-0.384108
1.93885
-2.11661
1.24653
2.56083
-0.379226
-0.747981
1.23309
-5.70127
2.64881
-3.47387
-0.208789
0.384619
-0.788278
-0.426884
-0.0734389
12.8086
8.04342
-0.268096
-2.29442
-0.0377649
0.20165
-0.103288
-0.305635
-0.437467
-0.67249
1.79551
0.138561
0.620029
1.32332
-1.44216
-1.41246
-0.506226
1.77114
-0.636173
-2.73831
-0.720016
-0.474012
-1.26398
0.736938
0.376549
0.308529
2.46642
0.0922391
6.74239
-0.723806
-0.218624
-1.8442
-0.753392
0.723775
1.42048
-1.02332
2.20539
-0.164597
-13.7466
-0.161534
-1.21024
-1.74675
0.064651
-1.08273
0.925915
2.43376
0.379514
-1.58019
0.76667
-0.690956
-0.0234966
14.5376
-0.738138
0.405444
-3.03835
0.595672
1.14102
1.32188
-1.62108
-0.139113
0.935977
1.02849
-1.02767
0.764023
-0.292889
0.24257
6.36387
0.674893
-0.0119241
0.090998
-1.61595
1.56114
-69.313
-1.86992
0.136229
-1.81039
0.997648
0.773495
-1.86819
-0.0902814
0.0900505
-0.231845
-2.72628
-0.332969
1.87151
0.88108
3.24321
-5.30962
-3.67338
0.447044
2.22382
-1.26474
-0.369835
-0.605535
0.468152
-0.942844
-0.0369893
-7.62727
-0.302525
0.0476111
-0.0686528
22.3474
-3.3262
-0.718049
-1.23747
-0.13011
0.00562525
-0.936081
-0.642369
-1.09351
-1.17421
-1.0876
-0.593575
-0.142298
8.23909
29.966
0.470864
0.190274
-32.4887
4.52508
0.732972
-4.31329
-0.716286
-0.0384588
0.0710553
-0.460617
-4.5144
-0.731858
-0.890203
76.5319
-0.459929
-1.1887
57.2895
-1.35914
-5.32169
1.7871
-0.151021
-0.225016
-0.535085
-0.517461
0.838826
-0.168604
1.72157
-16.5601
-0.912435
-1.82495
-2.22274
2.39716
0.421988
-60.0258
-0.72991
1.56132
-1.72487
0.00119563
1.38647
0.710124
11.017
-3.37162
-0.894385
4.999
0.456754
0.22337
-0.36396
-3.93905
3.45289
-2.5881
1.65772
-19.4723
2.8543
0.296975
1.1014
0.517912
0.641584
-0.452993
1.75109
3.99306
-2.18252
-0.576252
0.733515
-2.14238
-0.81874
-0.265011
-0.147698
0.583287
1.52264
-0.188966
-4.6646
0.143873
4.21983
0.478863
3.53256
-0.824433
-16.0549
1.29929
0.48785
-0.939982
0.970195
0.0408942
-1.28702
-1.77408
0.405492
-0.0430357
0.103738
1.89046
0.301011
0.291888
0.418485
7.64334
0.856865
-3.70127
1.37429
0.0897959
-1.50776
-0.0157111
0.478484
-0.799882
-4.11114
2.39538
-2.22785
-4.01756
0.544774
-0.474169
-0.556288
15.0842
7.73515
5.5212
0.418773
0.584045
-0.454935
0.446964
-26.0135
-0.186352
-8.25956
0.843503
1.55452
0.342084
0.627696
-1.19821
-1.39337
0.111408
1.45082
1.85387
-0.691005
4.40558
0.484763
-1.49149
2.32722
-0.822062
1.16322
-4.07788
-6.41708
0.475482
0.97158
-2.86284
0.0686024
1.77728
-1.08415
2.63111
1.31876
-0.493978
-0.103445
-1.00586
-0.491807
2.97702
-2.87199
-1.52814
-1.0387
-0.5469
-0.097352
0.859776
1.58565
-0.918218
-2.14858
-1.32072
0.959442
-0.201436
14.1647
-0.109727
2.31108
-0.0371434
-2.15264
-1.69563
-5.03626
-0.559007
-0.226215
0.141888
-1.04733
2.76042
-71.6318
9.59798
7.67802
545.8
-0.00128669
0.325123
2.20013
0.773287
-0.781551
-3.13605
0.520215
0.392824
-3.56555
0.285535
-1.09069
-1.77841
3.86896
-0.827503
1.41119
0.788495
-0.702399
-0.264966
0.325533
2.16892
0.0883895
-0.038339
0.667499
-0.598762
3.17815
16.1458
1.67236
-6.97994
18.9213
-7.05419
-1.41993
-1.04307
1.65703
0.513293
1.06498
0.00667952
-9.26558
-1.94448
-8.78264
2.05981
2.61393
-0.154436
-0.819644
0.166501
1.36537
4.66959
-0.9242
-0.0836275
-1.8961
-9.10602
-0.00858858
-0.624349
-0.409211
-0.157762
0.263355
0.427306
-2.29782
-1.17151
0.084685
-2.00255
0.301609
-0.932596
-5.52559
1.63976
-3.18938
0.420973
-0.475804
-3.00892
0.152974
0.542958
-1.60874
-0.181046
-0.934366
0.237039
-0.4696
-7.83326
-18.4154
10.1371
2.34423
3.56026
-293.477
0.462516
1.82433
0.0452051
-0.376983
-1.87925
-1.92611
-0.166915
3.34437
0.651002
-0.0464462
-2.39179
0.203372
-5.71074
-0.144371
6.70218
1.53665
1.73534
0.356912
-5.01246
-0.130634
0.399339
-0.754483
0.249695
-1.72472
0.300737
-0.425066
1.11574
-0.92486
-7.27586
1.20556
-6.73747
21.3137
28.4436
-0.602216
-0.63156
-0.649525
-0.887123
-7.6603
-0.35834
10.5381
-1.53442
3.43415
3.96072
0.954267
-0.268169
0.489421
5.40418
0.594022
-2.42504
0.384087
-0.781906
-0.663737
0.40072
0.14638
-0.690661
-2.14076
-3.32322
0.589554
-2.55582
-1.00989
-0.258259
0.216233
0.19742
0.14678
0.810141
-0.977533
-0.574237
0.23676
1.41168
0.634547
-1.39463
-0.953108
0.578619
-6.22462
0.579187
-2.06615
-3.10578
-0.624196
-1.54385
0.889699
0.287288
-0.415888
0.0950024
-1.75621
0.503084
0.496919
-0.871585
0.837498
-0.161902
-0.484274
-0.00361093
1.3204
15.1189
-0.277294
-2.07539
0.682099
0.00443579
-0.0529726
0.606932
0.763028
0.658695
0.633686
-0.171994
0.23937
-1.71273
-28.8463
0.961942
2.21404
0.539549
10.6652
1.88759
2.6584
-0.154195
1.2289
-1.30134
-0.500848
-1.62713
-0.495068
0.753495
-0.634437
-1.28311
-2.56778
-1.22255
-1.00771
0.124818
-0.824224
2.45524
-3.90683
2.0793
-0.43375
10.7682
3.64312
1.61668
-0.485677
-1.58886
-0.0228283
0.749067
-0.337653
2.36194
-0.793256
0.0753755
6.97048
4.13679
0.738683
2.26182
0.316139
-1.33578
2.07985
4.10269
-1.52668
-1.69229
-1.92687
2.78884
1.34446
0.031467
0.176257
0.926524
4.62285
-1.53729
-0.349049
-0.668691
3.74813
1.29299
-4.3579
2.0341
0.0337528
-0.10212
-1.62476
-57.2235
-0.166021
-11.1587
-0.914317
-2.18128
2.40799
1.56227
0.436127
-0.217871
-0.0353969
-0.814736
0.351131
0.14477
-1.74777
17.7855
0.767007
1.09814
-16.2174
-0.865669
-0.0423386
-0.485525
0.793286
0.496237
-0.820378
1.4394
-0.814895
0.705557
-5.23917
2.50031
-0.0368076
0.607756
-0.160012
4.10043
-5.17807
5.31075
0.953759
-0.350133
-3.00127
1.28251
-0.380648
-0.682069
0.148828
0.746868
1.12537
-0.58845
-0.419249
0.706066
1.89528
-18.5729
-1.26045
-1.45777
-0.866331
-1.25915
2.45478
0.0747399
-0.0727798
6.76109
2.46238
1.15923
-1.03228
-1.13986
-16.6766
-0.105491
-0.207243
2.45247
4.66142
-0.328146
0.251975
-2.71807
3.66572
0.695359
-1.01117
-1.8008
0.0785017
1.57779
202.176
-1.17149
-16.7907
1.0989
-1.7076
-0.817919
1.15987
0.251426
0.168466
-0.884338
-0.790698
1.69783
0.153512
1.39028
-0.726342
-0.400836
-6.22519
3.53004
-0.576873
0.707106
0.737947
1.62165
-5.25811
0.481546
-0.0360196
-0.945212
-0.070629
-1.07359
1.76452
-0.652497
0.201754
0.946702
-0.351917
2.05227
0.197272
1.5209
23.8621
-1.35263
-2.22127
0.26193
0.00820106
-4.82432
1.85719
-1.12362
1.51065
-7.27112
-1.10143
-1.20582
1.812
-0.408448
-3.47567
-0.408318
-6.10623
1.09863
-1.1668
-0.808633
-0.0471842
2.38853
2.66759
9.30929
4.46482
-0.315102
-2.89772
-1.66586
0.532529
0.810063
0.461033
1.63333
-0.172288
2.42067
0.00487803
-0.743667
3.613
1.17066
-5.11945
-0.3128
-0.255525
0.0295682
-1.68057
0.389782
-0.907014
1.20712
-0.512728
1.04872
0.357625
-0.459309
7.22576
-0.063025
2.10716
0.31761
-0.324449
-0.194644
-0.489772
15.1273
-1.4161
-0.307777
0.630783
-0.583609
-1.01872
-2.56141
-0.547988
-4.89322
1.35196
0.834333
-2.57976
-0.413895
-1.04971
10.3086
-0.365825
-0.947151
1.83061
-1.939
0.961098
-0.0789539
-2.11198
-4.07126
-2.87088
1.22513
-4.42848
-1.43322
-0.288466
-0.62394
0.887114
-0.0617119
-1.06144
0.857668
-1.81799
0.426216
0.109731
-0.460725
-1.88937
0.0821573
1.27802
-5.67818
-0.428906
4.69096
-0.0841466
-2.4336
-5.62786
-0.0140425
2.07487
-0.243523
0.092664
0.194575
0.534403
-0.292799
-1.35572
0.337439
13.6947
0.185394
2.04663
-1.30977
-1.50417
-12.8935
-0.263306
1.29918
1.21037
-1.56548
5.98116
1.5617
2.26574
7.67584
-0.743906
-0.139153
-2.1006
-0.225152
14.0218
3.20459
-0.645859
0.696515
1.43264
-1.62146
-1.79803
-0.709118
0.366132
478.118
-0.91246
-9.12327
4.34054
0.852568
0.386728
-1.15085
-0.343852
-7.85969
0.548661
-1.52531
-7.07117
16.0307
-5.40832
-1.67988
-15.7579
-0.0718368
-5.09438
0.522497
4.82499
-2.09406
-0.894547
-0.181313
0.122422
65.2515
3.80695
0.334433
-1.3294
-0.87997
-0.395479
3.68095
0.328046
40.0427
1.94218
-0.250764
0.0064496
-0.611391
1.72989
-2.20853
-2.25547
-0.809672
-0.249041
0.255113
0.0133476
-0.638556
0.504068
-0.277981
1.2133
-0.0831869
1.51894
5.61752
47.7159
-2.46719
-2.56693
1.41632
0.27177
-9.39365
-1.19351
0.448156
-6.36711
0.759459
2.71049
0.997756
-0.383706
-0.75438
-1.28165
0.238133
0.742409
-0.526604
1.30419
0.214326
-0.909423
8.69989
0.109299
-0.13117
-2.19057
-2.08344
0.231719
0.169002
2.40636
1.14784
0.102282
-0.422874
3.44158
0.661687
0.506539
-1.35929
-0.890927
3.42669
0.552942
-0.851662
0.889406
1.15527
-0.52472
0.0772753
0.106462
0.0490944
1.00318
-14.9523
-1.9904
-0.144048
-4.04524
1.66471
7.52628
1.73246
-1.96804
1.10089
-2.34763
1.44257
2.18341
0.652567
-0.785705
-1.11395
3.10717
0.586315
0.861039
0.338547
3.14512
-1.34836
0.207115
-2.33263
-691.689
-1.33259
0.753471
-1.52937
-1.58843
-0.291472
-3.19054
-0.416968
0.649141
0.0597322
26.4788
-0.752698
-0.792491
-2.40805
-1.86094
-0.820008
-1.60358
0.1525
-0.268098
3.12899
-2.39761
0.331105
-1.51017
-5.05962
-0.939703
-0.807458
-1.28003
-0.573087
-5.55845
2.88785
-4.24799
0.174313
-6.00807
3.30326
1.07911
-50.3856
4.80489
-5.94736
-3.4489
-0.86664
0.806618
1.15793
-1.63335
0.675894
-0.341566
0.541613
-3.70612
1.17507
12.7834
0.0983427
0.74004
0.63974
-0.346487
-1.60365
-3.21581
-2.24361
3.67996
-0.183754
1.41251
0.0818524
-1.51232
0.215936
3.4694
-0.0722051
0.412245
1.71679
-0.186636
60.1823
-0.125095
-3.18996
0.65607
3.018
1.14595
14.0158
0.744281
0.573607
0.602292
0.447165
-1.32898
-0.766319
-14.1114
-0.0767588
13.1232
-16.0058
0.104935
-3.07999
0.291866
-2.08767
-11.3883
0.204348
0.986217
0.643047
-1.02615
-7.45478
0.916039
-0.66411
0.00878318
1.25559
-8.4479
-0.651595
-0.268153
-0.496861
-3.19912
3.05223
1.36204
0.838843
10.0026
10.4775
-0.030192
-1.06464
0.332346
2.19586
-5.38181
-0.732383
-1.17847
-0.211391
-1.45271
2.26692
-1.01617
-0.330797
-3.79043
0.295899
0.872687
0.816774
-0.970428
17.0039
3.93083
-3.15693
-0.608725
1.58224
-0.375695
-0.88871
1.59622
-0.620108
0.296133
-0.110886
-1.16953
14.8239
-0.554071
0.0503583
0.927866
-0.462528
0.0211037
-0.650487
2.90555
0.219953
-0.0415315
0.410069
2.86054
-0.408665
-1.85026
-5.57594
0.703537
-1.0228
-1.41252
-4.89217
0.677031
-0.206154
-0.297566
-3.77355
0.763388
2.80735
2.34837
-0.363853
-0.164977
1.1797
1.74958
0.81465
0.55071
-0.407096
1.72737
-0.199346
-0.915324
0.395157
-4.74864
0.301979
7.24217
2.05869
0.734456
-2.47236
166.318
0.19878
-3.75507
0.910313
-0.552504
1.20348
-0.631671
6.15627
-2.04354
0.872179
-2.29375
-0.56533
1.0343
-0.468219
-1.69349
-0.0207509
-0.480484
22.8107
0.774707
-5.53364
0.633145
0.237933
0.627067
-0.703197
-0.0266562
0.127429
-0.35261
-0.465604
-1.20317
-0.29174
11.357
-1.39068
-0.604883
-0.536662
0.363189
-9.03222
-1.50735
-0.305335
-0.6663
-0.210068
0.0133765
-2.78814
-0.102038
-0.577992
-0.178068
-0.43136
2.66942
0.216446
0.107702
-1.7888
0.655977
3.49698
0.747446
0.487643
-8.54994
-0.493656
47.1859
0.580649
1.24034
-4.21603
0.587287
8.71883
1.16924
0.035756
0.37339
-3.64119
0.204268
1.35749
0.985023
-1.54476
0.332468
-2.50145
1.46293
-1.7103
-0.135398
0.877122
-0.090959
-1.15745
1.37817
-0.986395
2.20848
0.214438
1.5166
0.525013
-0.157066
1.37938
-1.88656
-0.225581
1.8863
-12.3102
1.62889
-0.0788166
-0.726203
1.88379
0.2862
0.831206
0.536393
-26.2891
-42.173
-0.446726
-0.0401429
-2.76447
1.57705
0.20174
-0.581419
2.2455
0.761217
2.76032
-1.959
0.749002
1.41045
-1.20333
-4.93731
2.06333
0.772187
24.9959
1.15695
0.111616
-3.52536
0.70049
12.4969
1.12456
4.39239
-8.57141
11.5847
-5.29119
-0.109443
-0.41224
-0.968226
-0.290138
-1.246
-0.452869
-0.0344003
-0.353139
-0.493848
2.6364
3.44149
66.7311
0.358881
5.90568
0.364408
-0.243225
-0.656245
-1.89328
1.60999
-0.603356
34.0897
-0.928021
0.810275
-2.39643
-1.10408
0.817558
-7.98579
0.601044
-0.31625
-1.28371
0.0885569
0.315591
-0.634857
-1.72303
0.366242
1.24521
0.343107
10.711
0.0188738
-1.17742
-1.19694
4.89162
0.570626
-219.535
-1.61881
-49.3284
-0.127773
0.00348988
-4.41624
0.255893
-0.724322
2.20986
0.438111
-0.331694
-2.08961
0.667891
-1.19396
-2.99825
0.119314
0.924449
0.379765
-0.991378
0.0933042
-0.194121
0.0906054
-0.390315
-0.197261
2.73639
1.39939
-0.00647528
-1.17219
1.48837
0.390251
1.18929
0.326261
1.04785
-0.597832
4.01302
0.00959491
0.558097
-0.402513
-2.43129
-1.85418
1.34699
-1.29782
-0.16082
193.827
24.4531
0.314696
-0.331171
-2.25751
0.038786
-0.279613
2.35856
1.07774
-10.2042
1.99678
14.2062
-1.32172
0.333265
0.937845
-0.180574
-1.96245
-1.83262
-0.356391
0.615601
-0.306604
5.00235
0.0150514
22.2657
-0.0634185
-1.58696
0.0124202
1.95633
-0.27189
-2.46884
0.00570101
67.6361
-0.613372
17.014
0.335749
3.2743
6.65068
-0.315307
-30.1207
2.21812
0.589125
-0.887152
0.455906
-0.264567
-0.0688972
0.936463
-1.78784
2.85867
-0.859979
1.3295
-0.930368
12.5103
0.345768
-0.123821
-1.29392
0.0260683
0.416395
2.06711
0.760679
-0.222841
-0.0880062
1.87357
-0.864392
2.83868
-0.617234
-1.06393
-14.0205
-1.18601
-0.965788
0.231058
0.0560283
-1.73362
2.20496
0.1444
1.69819
1.32236
0.325302
0.109594
-0.161507
-0.332312
-12.9811
-0.432184
12.3319
-1.72248
-1.64857
-2.51035
54.9424
-0.74829
-0.685252
0.233395
-2.02093
-2.47607
2.19015
0.14016
-2.60173
-0.191365
-0.493363
-0.975435
4.42888
-0.0347321
-0.77421
-6.14214
-0.162358
-2.5449
-0.180754
-0.0411451
-0.0552976
-2.42104
0.887782
30.2884
0.675832
-1.3414
-1.13621
0.701657
-0.478718
-6.02366
-0.262518
-1.99567
0.837658
-0.708501
-99.4086
0.100591
-14.1742
0.1903
2.23482
0.405447
-1.7589
0.688635
-2.89545
-1.15576
-0.821597
-1.09134
-4.11168
0.450333
0.323519
-1.58481
-0.892274
0.401751
-1.93639
2.20157
-4.48259
-0.281656
1.2908
