0.405588
0.591051
-1.1368
1.70513
13.885
-4.35567
-1.33162
0.276973
-1.87414
-0.305977
2.34099
-0.563885
-0.848403
0.0665035
0.584316
-4.31807
1.20288
-6.89313
0.0544084
-3.73931
0.20592
-0.971179
0.8994
0.69483
46.985
-0.962707
15.236
55.4457
1.05087
0.934745
11.2567
-3.65914
-2.6016
-3.87109
0.27004
0.546727
-0.217381
-0.974862
-171.336
0.0764387
-1.51192
2.29799
-1.93317
0.795245
-1.59362
0.318729
0.39942
-1.57425
-4.03826
-0.549735
0.167288
6.79772
-0.905553
-0.0936817
0.860129
-0.0169334
-0.260593
-0.191166
-0.664615
0.0564275
0.447001
0.16961
-1.26096
0.366341
-0.0456627
3.0458
1.15424
1.00861
-8.30359
1.22589
17.2141
0.0184911
0.799699
0.0561649
0.375198
-6.50921
1.0584
0.472394
-0.317083
0.454898
0.936677
-0.584201
-1.00776
-2.14058
0.732406
0.54607
-1.63264
0.204526
3.07478
1.65344
-0.042564
1.86353
4.97724
0.0903965
-0.526393
-12.0004
-4.10712
-0.494951
-1.36133
-0.517234
1.20836
-0.20206
-0.152658
-0.239372
-0.388955
1.29271
-0.817138
0.0350246
-0.59044
-0.466156
-1.07425
0.489015
1.0678
-0.483282
-6.60899
0.284105
-3.5286
-2.44397
-1.33548
-0.174022
1.84134
-0.938801
0.124465
-2.70252
0.791559
85.7025
-0.555901
-0.0241597
0.179613
0.249463
0.280029
-0.238683
-0.760407
0.356091
1.90796
-0.643234
5.38368
-0.201747
-0.269696
0.155676
0.249806
1.13102
-0.316686
-1.61047
-0.615917
-2.02301
0.66787
1.05662
0.191037
0.43961
0.0407378
2.48508
0.515525
-0.0704858
-0.617282
-0.915449
-0.0174353
-0.353738
5.86127
-1.19662
-3.13089
0.990299
-0.949109
6.23463
75.9533
-0.368962
2.1079
0.502173
-0.757291
1.2232
-0.683981
-4.82556
-1.3919
-3.0241
-1.04832
-2.01783
0.000204467
-1.86709
1.34383
-1.83343
-2.42951
-2.29077
0.361503
-0.674209
3.3643
-0.175226
-1.25452
-0.442974
-0.37989
0.676631
-0.0963211
1.01439
1.71389
-0.47868
-0.734761
-0.157297
-2.5694
0.508343
-8.18385
1.28096
-7.88516
2.42616
-1.7805
0.569495
0.647016
0.0269388
4.22234
0.114829
0.76936
0.102803
1.6476
0.755535
-25.1646
10.3622
-15.6536
-2.97323
0.167726
-4.55949
-0.311912
0.10862
1.31079
-3.27985
0.863112
0.592264
0.242315
0.388271
0.0528562
3.80355
0.429679
-1.78476
1.89516
0.732463
0.201621
0.0709455
-5.70434
13.6201
-0.990992
0.00855408
2.7881
-0.101079
8.88045
0.741153
-0.634048
3.31211
-0.208307
0.416012
-0.189457
-0.239705
-2.87228
-0.745837
1.27901
-0.33161
1.54098
43.1156
-1.08371
1.18172
1.8135
95.5674
-0.926362
-18.2418
-4.9703
0.684765
-1.7248
1.42134
0.427348
-1.40457
31.9475
-7.83983
4.81062
-1.79359
-44.2769
-1.24186
2.7312
0.355414
0.0476448
2.08897
0.866704
5.78561
2.21965
2.02148
3.35276
0.301232
-0.200209
-1.81215
-0.856157
-1.81928
0.378575
0.726913
-3.0541
2.74576
-4.62238
0.406936
-1.03793
-2.65757
-0.736571
-6.69373
0.0311303
1.80549
-9.15286
1.10883
1.41388
-3.3978
-0.138699
-1.70906
-0.00756239
0.204363
-0.809232
-4.66985
3.21321
2.73174
0.589585
0.56332
-0.413995
1.46788
0.482977
-1.26084
-0.386147
-1.15989
-1.64132
7.21652
-0.497506
-0.263572
-2.21247
0.617111
3.36843
0.158961
-0.410793
-1.73902
0.468459
0.109525
0.135138
-0.107923
-0.50917
-2.08651
-0.677455
0.905326
1.10551
1.01025
-0.300044
-3.29658
0.328968
1.19478
0.518905
1.47607
-0.756293
-0.242633
0.22082
-0.600606
-3.6718
-0.322418
0.957079
-0.160939
4.50992
-0.424456
0.517354
-0.47116
-1.16734
-0.0466046
-0.805986
-1.98991
1.20794
-3.98099
-0.115577
-0.158136
-30.8735
2.82263
1.73014
-1.45678
7.6345
-0.518165
-1.46589
-31.4813
-0.242358
-4.77554
-7.496
0.381017
-2.40861
-1.64836
-0.0898469
-0.276497
-11.5702
-0.154891
0.691106
-0.251016
0.337541
-0.867531
5.99722
0.314433
-1.2115
3.71113
-31.4837
2.5927
0.830863
-0.265158
0.913235
0.735289
1.87977
2.41664
-0.0499231
-0.0442759
0.941338
-0.807385
-0.300794
0.649921
0.686918
0.311576
-0.115527
-2.11868
-0.554645
-4.90862
0.0435619
2.00462
-1.50848
5.72325
-1.65614
1.93648
6.20067
0.235998
-0.0561009
2.22484
-3.61421
-0.0098947
-0.0995153
-29.3184
-0.00766517
17.0754
1.12941
0.378158
-0.477257
0.261516
0.463233
11.1535
-5.44191
0.460397
0.266687
2.47535
0.244515
-0.37517
2.17594
-0.958565
1.12719
1.10468
-1.73981
-0.343331
-2.15997
0.972951
0.199511
-0.855397
49.6075
231.297
0.613363
-0.563637
-0.297971
0.692099
1.22843
10.3397
-2.20441
2.8208
-26.1581
1.43738
-0.0734203
-1.35034
-23.0136
-3.14913
1.32153
0.543134
0.386078
-1.6176
0.501259
3.28422
-0.330459
-0.267771
62.522
-0.356831
-1.48686
0.444947
17.9791
1.11539
-2.35585
-2.98096
-2.30624
-72.5278
0.209684
-0.584371
-0.86936
5.68031
-11.1579
-1.12763
3.67311
-5.65912
0.331476
93.8948
0.566199
-2.05247
1.51207
-7.50212
-1.41187
-0.233186
0.918877
0.846738
1.48072
2.41598
-0.788915
-2.687
0.958368
0.519374
-1.35142
-7.07061
3.54007
25.8237
2.83795
-0.631247
-0.684004
-0.386932
-0.667929
-3.07044
-0.812651
1.80585
-0.193013
0.934155
-1.77492
-2.05827
-2.91798
8.18004
-1.43607
-0.778889
0.243802
-0.790752
-3.90485
-2.04414
1.25989
1.28456
0.482191
0.185834
0.384226
-8.15353
-0.656964
-0.296653
1.94046
0.327165
-0.213132
0.817516
0.822813
0.620453
0.00163246
34.6526
0.0851921
3.80003
-0.0882449
-0.788434
-4.44101
0.121642
0.205275
-0.163092
-0.542634
0.170642
0.209534
-12.6797
0.90572
-2.07123
1.39473
-5.43042
2.10763
-1.94758
-2.29289
0.242485
-2.67517
4.98793
-8.94889
0.276387
0.0805861
6.27942
-1.14491
-2.26372
0.337916
-0.719652
-0.214316
0.392162
-0.17659
0.0178495
-2.74064
0.787138
4.22723
0.325548
583.168
0.416278
-0.747852
1.34961
-4.24772
-13.326
2.83217
-1.22603
-28.2402
-22.0558
-0.964664
-0.740773
1.42336
-1.23926
2.48275
-1.93057
0.868098
-0.025885
0.841121
-1.68808
0.619805
-6.02594
-1.62345
1.15389
0.332584
22.9557
4.42034
1.11097
-0.255403
-1.05772
0.145091
1.85865
3.24201
-0.634048
-2.76011
-6.88703
0.0568453
1.23729
1.43063
1.66627
-1.69556
0.521645
1.26355
-0.152909
-0.867041
-0.927943
-4.23825
2.35514
-1.29746
0.00744997
4.5619
-3.33782
-23.1498
39.556
-0.276662
0.422057
0.181798
2.35187
-0.643837
1.92172
-1.64665
3.40344
-5.86178
-0.512539
-1.87236
0.608773
-1.65074
-1.20602
-4.41715
4.19797
-3.88475
-0.472655
1.93683
-1.16451
-0.30259
-0.26189
-1.97786
-0.638285
0.268295
-4.61561
1.49498
-2.15696
-2.01022
-1.44441
-2.01366
-0.129421
0.22968
-0.650514
-0.138945
-0.394658
-3.18868
0.0474692
-1.31649
2.28314
0.577853
1.18789
-0.0763129
0.808737
-0.821328
-2.8207
-0.796109
-1.00256
0.232747
0.226852
1.34861
-5.94784
-1.54155
-1.03284
-0.368452
0.536658
0.406185
-2.37283
4.39545
0.0655585
6.92656
-5.74523
-2.68174
0.0461844
-0.668802
0.357314
2.98979
-0.569063
-0.271794
2.11252
1.57547
0.350263
0.570209
9.68863
-0.460513
0.45939
2.95913
0.937896
-0.940792
0.151759
0.0349452
1.86898
1.25662
0.362606
0.350924
0.761345
-38.0182
0.167667
-0.652277
-1.5389
0.241866
-1.26551
-1.37335
-0.305975
-1.44275
0.292847
-5.61722
-0.196396
-13.0844
1.48011
-0.197807
-0.678938
-3.83441
-1.65479
1.60315
0.96283
0.147417
5.47413
-0.0429666
1.68425
5.1584
-1.61702
-0.634601
-0.412794
-1.18371
-0.988799
-1.1043
0.379425
-1.17626
-1.97227
-1.11899
-2.07885
23.1701
-0.189828
-0.990111
0.81316
0.554835
0.205525
0.121957
-1.44512
3.18263
1.31193
0.0841161
15.6057
-11.8255
-0.297692
-0.72886
3.61598
9.21792
-0.0152996
6.3299
-0.766195
0.251913
-0.385519
-1.81967
-0.627651
0.13485
0.187934
0.557954
5.1726
9.54953
1.51361
2.5859
-0.319048
-1.16858
0.717105
1.80375
-0.383568
-1.38307
-3.34557
0.255456
-0.139696
-1.65035
11.8104
-0.901486
-0.626812
1.07304
-1.48282
65.0916
-0.128938
-0.90089
-0.206769
-2.31606
1.63805
-0.527063
-0.341495
-1.61502
2.52664
-0.441751
-0.582859
1.9218
1.01879
1.46542
-28.3947
-1.58438
-0.914973
1.63278
0.928013
-0.0409408
-0.120511
5.87847
-1.37467
-5.03521
-1.48871
11.8809
0.629169
-0.632521
-2.68035
-0.14443
0.621153
-0.467119
4.08318
1.68612
20.8738
-0.295589
0.21496
-4.21573
-0.909675
-0.125136
-0.626611
-0.167528
-1.33029
1.03513
-139.699
-0.777261
0.627573
2.02537
-6.12915
-0.167702
5.31146
0.0966009
33.2371
-1.34523
-2.28151
-2.41633
-0.485037
-2.17521
4.54372
-2.41987
1.04245
-1.07573
0.23639
0.616592
153.206
-0.65422
-2.19232
-0.342568
1.5557
-1.73013
-0.0933075
0.821628
9.6948
-0.447846
3.09972
-0.519244
-3.4334
0.432418
-2.69194
1.80367
3.40289
0.211592
-4.59951
0.80877
2.35427
1.24427
-0.143749
0.194607
-61.3678
0.580687
0.468501
-0.26493
3.004
-137.513
-0.370965
1.22464
-0.735754
0.92386
-1.19696
0.691154
1.78527
0.492359
-0.847536
0.541799
-2.85178
-11.6327
-2.7089
3.1593
-0.806501
2.05621
-0.446787
0.348866
-0.692561
-1.5853
-0.32109
-0.357794
-0.589479
-19.6967
-0.236069
-0.209982
1.1995
-0.0648377
4.32694
0.342678
-0.426664
-3.65272
0.7313
-0.822196
-0.553977
-5.79313
-0.44839
1.03466
0.774209
-0.50595
1.99908
-4.14597
2.31494
3.43274
-12.9506
0.615548
5.41369
-0.659019
-2.08257
-0.0808858
-1.07593
0.107856
-0.947322
-0.866676
4.84289
-0.373882
0.373977
3.04293
2.60466
-0.258811
0.299352
8.50131
-0.1174
2.25575
-0.12949
-1.45787
0.745884
-0.773575
1.6103
1.69589
-0.828133
-0.781749
-1.97027
0.566737
-9.55684
-3.16325
-0.126035
2.88341
0.192875
0.288476
-1.28538
2.19334
-2.8103
2.71433
3.07878
1.52548
-1.38859
1.81701
1.17533
-1.08061
-0.00895455
0.180727
0.706416
0.602616
-0.0382245
-0.933909
-1.00039
-4.63881
-0.291274
-1.63016
-1.42278
20.2437
-1.82209
-2.3677
0.103572
0.089466
1.20952
-3.72816
0.57378
-3.67004
0.482683
1.52538
-0.638578
0.0888041
-0.607898
-0.822485
1.474
-1.96665
0.951929
0.857755
117.158
-2.93163
0.41701
0.998129
-0.78416
0.712246
0.7186
-3.12761
0.340869
0.253099
-0.106751
-0.683961
0.101676
-1.2276
1.42234
1.82045
-1.64666
-0.294814
-0.311966
-0.523048
0.866302
0.963672
-0.373859
-0.357333
0.405407
0.911105
0.262877
-0.539948
-0.441868
0.386952
-9.7201
-0.366045
-3.50243
18.4218
-0.318304
-0.0552197
-0.892381
-0.0396232
0.0124097
-0.258464
-0.73038
0.158396
0.438008
1.98767
-0.639054
0.566537
0.554795
0.00112452
-1.38675
0.392659
6.85045
0.737768
0.387423
-0.559274
-1.48581
-3.47017
0.37022
-0.278418
1.6823
-2.70992
2.90192
2.72119
0.67865
-0.287457
-1.09418
1.97472
1.70565
15.0585
-0.433408
0.0943755
-20.1676
0.532249
0.579129
-0.11942
-0.459082
0.899283
-0.550049
2.43996
-0.388109
-1.20185
0.316771
0.700871
1.69429
-0.236513
2.51844
0.467489
16.0924
0.220143
0.190556
-0.941464
7.3758
2.83543
-3.41179
0.554919
-0.457197
0.0172409
3.56807
-5.08934
18.6743
0.281881
-0.784625
0.862601
3.44438
0.802159
3.7826
-0.271761
8.6665
-0.360812
-0.222771
-1.40889
-2.61018
-1.03558
2.69813
1.00113
-0.628226
-1.95075
5.2133
-0.308423
-0.430712
-0.825466
-0.125809
1.42206
-1.8515
-2.66753
1.97508
7.62672
-1.56002
-6.08619
-6.12685
-0.217215
0.4193
-0.190234
4.73337
0.366987
0.368037
8.94857
-0.113772
0.165656
3.97218
-14.2539
-2.8245
-1.24892
2.23179
-1.55927
0.108233
0.159539
-3.5121
0.118541
-5.74142
-0.385437
0.387444
1.15611
-0.024563
-0.174223
34.9191
-1.06786
-0.120596
87.1888
1.1141
-0.802228
-0.10857
0.129418
-0.670582
-0.377491
1.58739
-0.30158
1.38832
-2.78997
-0.958405
5.29366
-0.162034
-0.403151
-3.38667
-0.669759
3.58898
-0.335075
-2.1629
-0.777262
0.30178
0.826367
2.87763
0.551585
-0.26318
-0.323306
16.5082
-0.22621
-2.06113
0.614529
-1.51097
0.503978
1.67085
-2.31067
0.11887
-1.0444
3.02688
-1.44863
0.293017
3.30478
-1.10365
12.2637
-2.34786
3.88738
-1.27296
-5.59047
0.697461
-0.781819
-0.626279
0.143734
-0.450265
-3.6863
-0.0787749
0.06587
0.985077
-0.530977
0.0516179
-0.245234
2.27753
1.47397
2.63778
0.813806
-1.16324
-0.0211448
-0.654961
0.671204
-1.81293
-0.363902
0.0777588
-9.58565
0.563075
-1.32026
2.82075
-1.59751
-2.09764
3.3091
-0.94442
-0.559401
-2.82028
-3.87226
0.00703808
-0.977263
0.509907
-1.63793
2.26536
-0.174001
-0.401435
0.259614
-2.20622
0.0367761
0.700448
-0.482954
-1.2637
0.0492257
-4.38282
-0.172034
-1.95273
-0.441829
4.99073
1.0545
-11.5911
-1.11521
-12.161
-0.925704
-0.185554
0.790582
6.35256
0.554855
-2.0734
0.112535
0.224611
0.187262
2.01286
6.7874
0.490473
1.78956
0.577069
-0.183629
-0.0143059
3.30887
-1.15846
0.48666
-3.7323
-0.239764
0.751205
-4.95855
-1.13442
14.3851
0.0856377
0.57143
0.466558
-1.33238
1.40897
-0.743247
-1.90599
-0.787863
-11.7347
-0.267948
-1.77321
-19.6747
-1.07305
2.37737
-0.311916
-0.259498
-0.0927598
2.14915
-0.207059
-23.1849
0.928568
-0.174455
2.2502
5.3377
0.129151
-0.298506
0.928902
1.31124
-5.89225
-1.29242
-0.547128
4.04765
1.1995
0.312587
3.98595
-32.818
-2.55905
-1.28969
-5.21494
22.343
-0.431266
-0.524896
0.828026
-4.88176
-0.958944
2.56434
6.56155
-1.92792
4.2602
-2.84188
0.0169207
0.465596
-4.11062
0.640341
-4.87343
-0.287139
0.0608962
0.697824
5.74261
-0.151516
-0.707868
0.704454
0.589087
2.23944
1.57165
1.15255
-0.732497
-0.165583
2.122
-29.0156
-0.0481061
0.392535
-1.37508
-6.48697
-0.87514
1.46167
6.42095
-0.6211
-0.363626
-2.93803
-2.51364
-23.6814
-0.0924821
0.690902
3.11926
1.0521
1.81598
0.0385733
-61.5945
1.33358
0.265707
-0.443808
1.25308
-1.26775
27.6642
-2.4595
-1.89603
-2.36309
-0.42398
0.205977
0.909992
0.459428
-1.29414
3.5756
124.442
0.891523
0.218809
-0.856343
-13.8697
0.459054
-0.270229
0.40149
-1.38999
0.0502533
0.187869
7.0331
0.774659
0.0632002
-2.22423
0.350912
1.16972
3.01547
0.475184
-1.49767
0.927261
-0.0397296
1.78612
-0.728963
-0.12851
-0.763528
-0.62062
-1.76689
3.71794
-7.01865
0.0356324
1.35658
-4.99776
-0.586531
2.17966
-4.00083
-1.19954
3.41926
1.79601
-0.825977
0.140892
0.958032
2.06025
-0.0786003
-0.919934
0.640504
0.840198
-0.943792
2.78883
13.2453
-1.00745
4.28369
0.441698
-0.37454
-1.7095
-0.179136
0.892796
0.393778
0.538496
-55.3001
-2.31386
0.339805
0.973777
18.6682
3.19844
-0.0706855
-0.682717
-0.12245
0.451265
-0.447084
-11.8839
-1.33568
1.83733
0.914237
-0.702131
0.990247
0.0825262
-1.13287
-0.0468091
0.324902
2.34361
-3.88953
-1.32725
0.329863
-1.48125
-7.10521
-0.422841
1.1945
-23.6134
2.00196
-1.28479
-1.23728
-1.47351
1.08945
-4.97579
-0.426735
5.30345
-0.46444
-0.400264
1.2483
-1.53291
-0.363411
-0.931533
-0.0993658
-1.36198
-0.64246
-0.106866
0.355488
0.153026
0.352892
-0.635202
-8.51144
0.673437
-11.1998
-12.6007
1.65408
-3.46992
-14.1916
0.684
-14.3115
0.631293
-0.163438
-0.284145
3.38355
14.9962
38.3422
-0.9479
-0.68943
0.117557
-0.00793236
-0.822975
-0.053358
-0.707891
-5.64356
7.4557
0.272056
-0.434138
-2.56555
-9.80502
1.66275
-0.765255
0.553387
0.638056
-0.752434
0.239964
-0.0208306
-0.0461782
-0.39486
-0.382839
-0.0675351
-47.8021
-0.739039
-0.721422
0.141291
1.40657
-24.7298
2.37203
33.5171
1.02576
0.555271
-0.524899
-0.378974
-0.356454
-0.0713957
1.64601
-1.34493
1.17919
-3.97309
47.3712
0.907707
-2.92832
-0.232947
-0.305879
-0.45016
1.01549
1.28678
0.552114
-0.0359158
0.654435
0.826024
0.304649
-0.426944
-14.9774
0.397721
-3.94326
0.246323
1.55576
-0.633881
0.369153
-1.54816
0.796424
0.983594
14.7944
-4.57252
0.670069
-5.7804
-5.8393
-21.0873
0.376288
-1.96963
9.36952
-5.95643
-1.17876
0.736506
5.28785
-0.604238
-0.959494
-0.523327
-0.238068
-0.983183
0.352159
-0.105156
0.0414516
0.648793
1.49952
17.3899
1.87495
0.139315
1.54864
0.907809
0.387155
-0.0899714
-0.759924
-3.74109
42.6883
0.320905
-1.40211
-1.34763
-9.6629
-2.31801
-0.0549733
-0.266987
1.82064
0.780347
-1.81479
6.8502
-19.5382
-5.9778
2.81571
-1.03025
12.2817
0.103627
-1.37532
1.93396
0.711562
0.571209
1.18983
-34.4195
0.433744
4.03051
-0.382743
0.927417
0.99508
-0.849549
-18.925
15.7779
-1.35477
-0.369808
-0.178544
-0.2841
-18.587
-0.848502
-0.942756
1.01434
-0.68795
0.7812
-0.120707
4.84807
-0.229471
98.5634
-0.312
0.349491
-2.34291
-0.90406
5.95084
-3.05494
0.524814
-2.78764
6.84082
-1.21305
1.55868
-1.1455
2.35304
-4.84553
0.0509699
1.77818
-0.749988
10.8364
-0.690605
-0.117192
3.5073
4.35966
-2.28044
-0.223957
-0.571064
-1.39832
1.04932
-1.54921
1.06043
-54.8224
-1.35883
-0.398161
-0.754411
-2.64703
-0.536417
0.54502
8.67741
1.75366
0.879863
0.480879
0.876739
2.01156
1.94649
-1.1486
-1.2019
0.284065
0.863133
1.36998
-4.51212
-4.17023
1.85629
0.419297
0.036257
-0.0660332
-1.14849
-0.0186997
-2.26561
10.548
2.87952
-0.773471
1.69824
204.082
-3.32724
1.20748
-1.88658
-4.39386
-0.187354
0.574723
0.292889
-0.465888
0.66284
-7.57399
4.47179
-0.737238
0.0175437
1.35185
-17.578
-0.267272
0.273978
-4.8149
0.29394
3.00009
-0.167509
0.00821976
-5.54432
-0.154736
5.05796
0.00827554
0.0474331
0.16172
-0.214795
-0.749223
-0.253646
1.34841
-10.2039
0.00694343
0.473288
1.28707
-1.73333
2.25567
0.00112032
12.8573
13.7549
0.244559
-0.754087
-3.23102
1.13057
-0.225595
1.65216
-1.34398
-1.09869
4.01476
-0.576017
0.209075
-0.140097
-0.026611
0.976925
0.105655
3.85539
-0.516543
-4.14502
2.19409
2.25392
1.05874
1.60325
0.410764
0.0344095
0.801083
-4.41188
-0.61216
0.199438
0.949911
-0.693596
-1.31789
0.805999
-0.4262
-0.60347
0.118068
-1.04292
-0.357242
1.11982
0.563674
0.978164
-0.17467
-8.2709
-0.00186169
1.45954
0.387332
0.532422
1.57466
-0.726802
-9.67712
-0.698142
0.108463
-0.730207
3.09904
-1.28003
-7.63897
4.28288
-0.455786
0.581972
0.118317
-1.74196
-0.536487
0.66997
-12.1273
-0.530279
1.3488
0.121794
1.86268
-2.02683
0.081041
-0.464324
-0.709947
0.155733
-1.70645
2.79732
-15.3502
-0.807917
-0.838854
-1.08727
-0.422605
-0.653588
-0.185015
0.530428
-1.06798
-0.524412
-3.08878
0.944722
0.546696
2.03121
2.09387
-0.243228
-0.0221983
-14.0972
-0.430856
-28.4176
-20.0173
42.2414
2.41915
-4.8383
4.3034
2.45917
0.771677
0.413982
-0.454237
-0.675676
-8.23227
1.71547
1.34209
-6.94563
2.71732
1.61273
-1.0142
-2.06572
0.477985
-0.113385
-2.10433
-2.6436
0.154001
-0.335281
0.183496
-0.854166
0.0963459
0.344394
-1.37258
0.0789982
0.466205
-0.0902325
-0.00418214
0.0996872
0.821455
0.601689
1.00607
-1.9196
6.09549
-0.227359
10.8816
-0.933433
0.432276
-167.359
-2.59709
0.0592279
-0.235064
-2.01051
15.7185
4.48683
0.737765
1.26016
-0.304113
-1.01308
-5.89038
0.343776
-0.25887
0.991716
2.3175
2.66382
0.653233
-4.55437
6.17259
0.897045
0.431534
-0.591028
24.1704
-2.05345
-0.941547
0.781165
-2.27469
-2.71828
-0.0141409
7.83165
0.487264
-0.657381
-21.9582
0.254981
2.52141
2.09703
0.0919513
-18.9415
-8.14178
-3.34055
1.48296
-8.40462
18.4772
0.329651
-0.426523
0.0944664
0.0943975
-2.70141
-0.351778
0.0904811
-0.494873
-3.84819
-0.163798
0.714523
-0.448121
-6.36391
3.31716
0.280383
-0.226278
-0.49437
-2.28094
0.037025
0.622912
-1.70178
-1.27671
-4.70373
0.262224
-5.39642
0.677437
-0.479428
-0.814347
2.03204
-0.203905
0.374974
-0.452113
0.175562
0.131164
0.432844
-2.91214
0.78051
5.35219
0.181115
1.63244
-3.80519
2.8127
-11.6296
-4.13276
2.95635
1.09253
7.84088
-0.565198
-0.715377
0.623491
-1.15454
-0.937209
-0.785253
3.43718
0.379943
-0.14481
1.75673
7.18085
-2.20633
0.591732
-21.6042
-0.191507
-1.37357
-2.2337
-0.137413
-0.634915
1.61831
0.67509
0.788179
-1.41489
0.729499
-0.646865
0.990676
1.10863
0.448671
-0.338478
0.57111
-1.23812
0.216899
-0.428571
8.71196
0.102994
0.853987
-1.62199
0.704606
-0.27766
1.47073
-2.01488
1.48488
2.03542
0.225859
7.91186
-0.55665
4.18224
-0.19523
0.077895
1.02961
-0.557803
0.334615
-1.39789
-0.242138
0.662512
-0.553838
-1.13354
-1.23872
0.668677
-0.791604
-1.20766
0.877665
-1.04328
0.717246
-0.265594
1.91038
3.20059
-0.0504447
-6.81185
1.59498
0.287193
0.530341
-4.36762
0.707213
0.899176
4.31546
2.30704
0.495913
2.7313
1.27543
0.37663
1.05848
-1.90523
-4.30193
-0.0883145
0.864906
-0.471796
-0.182256
-0.881265
4.13766
10.8595
-0.205419
0.424013
-1.91195
-0.788785
0.937268
0.807114
2.23089
-1.19984
1.79547
-1.41039
0.971993
-1.84348
-0.425093
-0.545397
1.92115
-27.5056
0.796037
-8.25646
4.77614
-0.981673
42.3114
-20.5376
1.34077
0.509802
1.34831
-1.95147
-58.5176
0.586401
-1.94282
0.774172
-0.688302
-0.0303858
-2.20245
-0.0489625
-0.403015
0.760661
-0.660939
0.0208888
0.0118787
1.12633
-0.263167
1.26889
0.208256
1.71547
0.0310751
0.323603
1.8387
2.92179
-3.98492
0.0339018
-0.43255
47.715
0.379413
0.790406
-2.44126
-2.07814
0.272352
-0.642881
0.796958
78.1645
-1.65228
-6.90372
59.8011
-0.00917757
0.576592
-4.90918
-0.796495
1.52815
11.1206
-0.657268
-1.14608
0.0697516
-8.79892
-1.14492
3.30221
-0.847754
-0.392266
1.04585
-6.32727
0.147399
-0.326271
0.982173
-1.59215
-0.546931
0.512742
-5.77564
0.342723
-1.36719
-1.16919
4.12931
0.237179
-0.280649
-78.5794
-5.65097
0.0346143
-0.336233
1.88467
0.692476
0.51264
0.0227328
-0.129642
2.81121
-1.68501
-1.39182
-17.3249
2.06839
0.185969
3.63816
1.52129
0.393096
-1.1788
0.834668
-4.15595
-1.89645
-0.30331
-4.06714
-1.37986
2.68904
-2.1568
-1.60317
-1.72977
15.797
-0.315713
1.18818
9.42327
-0.984073
-0.00998389
-0.032658
-9.34441
-0.259422
10.482
-0.100865
0.188015
1.33869
-5.40112
0.055485
17.6271
2.89577
-1.01299
0.218242
-1.11389
-0.268822
-3.53918
2.1565
0.0053073
-2.0866
0.22384
3.56176
-1.21891
1.80414
1.88671
-0.158099
-2.10451
0.0720078
0.245048
-1.76253
-4.50634
0.927561
-0.235686
0.595263
1.94792
0.753351
0.624575
11.689
-0.0046364
0.443929
-0.292451
0.614684
-5.58427
0.623245
0.130823
4.51357
-7.35441
-1.12232
5.10142
0.52232
-0.982501
0.733296
-1.48926
7.07535
-0.551635
1.05056
-18.8643
-0.417614
0.899534
-0.468857
-2.36553
0.449362
0.678708
-0.143266
1.7881
-3.34848
0.178061
-2.06355
0.970881
-0.888125
4.25089
4.75378
17.0919
-12.7732
0.162672
-1.82383
2.60308
2.46246
-0.487892
-0.606561
-0.968662
-7.69457
-0.153606
0.0204572
-1.42981
-0.961948
1.04746
-0.781282
1.57456
5.81799
2.95098
0.266579
-0.0939084
-0.55919
-4.42047
1.76456
-4.45537
1.24465
-1.72121
-1.43049
0.545697
0.140084
-0.111989
0.669705
-0.0652821
10.9001
-4.52561
0.666766
1.10081
0.373961
-17.5043
-0.45143
-0.659669
0.770083
-0.558663
0.131814
-1.10535
-0.156649
-1.4656
0.347414
1.03512
-1.60991
-0.285261
1.99161
1.09847
6.73403
0.486686
2.03191
0.0305217
-1.06398
-1.11594
6.19152
1.24458
-0.0512887
1.64261
0.065599
0.0676523
-4.16815
-4.95144
-6.43835
-10.8152
0.544791
11.4697
0.118146
1.51938
-19.3468
-9.83978
-1.00054
1.894
-0.0648961
3.45974
-0.762394
2.54138
-1.5805
-0.745421
-0.121853
3.44355
-0.112691
-1.68338
-0.095346
-0.546817
7.57014
-0.621393
3.75365
-2.70136
-0.295413
0.0176636
0.0777813
2.19011
-0.42954
1.84007
1.37615
-0.712135
0.553854
4.4132
0.259263
0.0249513
-0.324412
-0.0194445
-1.32821
0.0633064
-0.330362
1.83382
-0.452755
1.25142
8.48674
-1.94233
-1.65619
-1.6943
-0.873588
0.733137
-0.0838609
1.45011
6.23595
-1.2536
1.74082
-0.363846
-71.0283
-7.86565
0.897058
2.51657
2.81465
-22.6672
2.07364
0.215962
-5.68694
-0.448524
0.720851
1.80554
-1.11027
0.608965
-0.679199
0.509077
-0.864309
0.881489
-0.158004
-0.600354
5.15799
-0.124194
1.61289
-0.211928
0.465383
-0.471429
0.89786
19.724
-1.35767
1.07876
-0.0167863
0.408633
0.446798
1.80287
-1.03333
-0.722728
-0.305267
-0.366186
-0.435684
2.12209
0.168279
1.85966
-0.394407
0.30182
-1.99136
2.23753
0.040352
-0.49455
-1.82918
-0.365502
-2.74519
-2.35675
-2.06582
1.70131
0.759829
-2.80869
-0.0710027
5.55786
1.74465
-6.82999
-2.79434
-0.0833641
0.358477
25.3376
-1.10444
0.268067
-797.624
-1.26215
-0.438944
-0.689849
2.15011
-2.92784
-0.101663
0.475471
-2.62314
0.164662
1.54927
-1.00565
-5.99025
-1.47624
-1.69418
-114.221
-0.647265
1.5408
-1.79452
-1.58699
0.88037
0.495383
-0.106355
-0.525521
-2.4572
-5.13899
2.078
1.1701
0.655248
-3.47423
1.41264
-1.37359
-1.37093
-0.668215
-3.98246
-0.200908
0.512346
-3.72106
2.48749
0.822993
-25.7975
-1.89257
-1.38195
0.422763
-1.17095
0.980284
0.422548
0.0484143
-4.81676
-6.60951
1.13974
2.20923
-0.552216
0.717432
0.0185681
1.3829
-2.07657
-0.852087
1.15751
11.9808
4.12175
0.450553
-0.0890606
-0.319148
-0.403331
-0.270422
-6.35959
33.9214
0.11599
0.102493
0.422127
33.8615
-0.694859
-1.67893
-1.06195
-0.447821
0.59831
-2.43096
-0.71282
-4.07965
-1.96697
-0.931785
-0.781388
1.11887
-1.16586
3.3716
0.0336847
5.47542
-0.0819972
3.70269
0.45711
3.67518
-1.84956
-0.0929387
-1.90502
1.3489
-2.64113
-1.10893
0.300027
-0.290792
1.1028
-0.412559
-1.89896
4.05217
1.19461
-0.402188
-7.56035
0.0663804
-1.43263
-0.784928
0.942107
0.210539
-3.87549
-1.29476
0.464434
-0.673892
1.3472
-0.56151
0.113402
0.686655
10.1993
-0.00528942
6.14429
-0.555319
1.28673
-34.8593
1.34458
0.240548
-0.283115
-0.338395
0.348818
-0.0558814
-0.901431
-3.48284
-1.71756
-0.139855
-5.40799
-1.00764
-0.0457021
-1.75078
-3.45
-0.655723
0.580555
-1.5136
-1.99304
-1.07555
-2.57234
-0.226759
-0.230858
0.0561421
-1.05887
7.31935
-0.370003
0.4731
-1.74772
3.95062
1.15619
-8.33441
-1.34178
1.04622
0.732833
0.945944
0.26624
3.33661
-1.77986
-1.37167
-1.96283
-1.07127
1.81297
0.484625
-0.63052
3.37088
-23.7563
0.0538519
-0.0294478
-2.47607
0.468618
-0.596328
2.68565
-0.0628619
-0.052735
-2.03484
0.67095
-1.82105
-0.228703
-0.367069
2.76085
-13.0265
0.346167
3.46677
-0.14813
-17.1092
0.0360855
2.07228
1.55283
-0.686794
0.178562
3.84011
0.722822
-1.44576
19.1039
0.047143
0.795901
0.373521
-0.473806
-0.164113
2.50697
-0.834423
-1.37028
2.85554
-1.85273
-2.87154
-2.70936
-0.328182
-0.0680842
0.253951
-1.77095
-7.38604
-13.5039
-2.25756
-0.497774
-2.51134
2.90423
-3.775
1.21167
2.62053
1.82338
0.674409
0.267308
3.02026
0.767118
-0.376901
0.078244
0.381128
-0.966389
-0.675773
-1.70696
1.34386
-0.215203
-3.92912
-0.517189
-0.592087
-2.92174
-8.09333
1.56867
2.99418
-1.19547
0.0454179
2.21768
0.012105
2.66916
24.5877
0.667309
-0.945242
0.920795
0.646737
1.52419
0.239845
-6.91583
-0.576081
0.979136
-2.23169
-0.402475
-1.10255
0.248538
-1.22376
-0.219231
-0.724814
0.194736
-1.87267
-0.208271
-0.540764
-2.33594
-0.547836
-0.0640986
1.88479
1.41341
-0.795757
-0.531363
-0.873056
-1.09814
-2.70459
-0.800893
-0.274802
7.78073
-0.49572
-1.20003
-3.14254
3.13851
0.365615
0.138597
-1.86491
0.0640037
45.1849
-4.59933
-12.0433
-2.20241
1.78383
0.170263
-0.133717
0.66851
0.65682
0.699143
-1.18575
4.39436
113.385
4.95812
0.405846
-3.91327
-0.131471
-1.11883
9.75979
-9.89259
-37.5459
0.179405
2.02262
-0.793048
0.296508
-0.405546
-0.966227
0.19913
-1.57535
-1.23498
-0.0213363
-1.16218
-0.417468
17.0452
1.03787
1.1728
9.64334
-1.92185
0.881299
-1.31045
0.479799
-0.0921486
-1.13927
-0.223434
0.235559
-4.22988
0.487443
-0.46429
-0.293973
0.765619
-1.87396
-3.20669
30.8628
0.191141
0.238006
0.583267
-0.236216
-0.435471
-0.308572
-0.119567
1.41128
24.7134
-0.559949
-1.5166
-69.2375
0.665191
-0.78783
-0.978036
1.56821
1.68406
1.67726
-0.773589
1.48689
-0.0422749
-0.703386
0.803777
-2.28322
-1.56206
5.09793
0.884593
0.826579
1.93313
-0.863712
1.15702
2.63692
0.464393
0.299686
-2.48705
-5.03363
-0.242976
-0.459281
8.35779
-0.209335
-0.731241
-12.2359
-2.05644
2.24884
-0.0716929
1.76968
-47.0832
-4.25001
0.221874
-2.55045
-2.12889
1.41322
-12.8557
20.4951
0.0725732
2.20935
0.731088
1.59121
-4.58703
0.632803
-2.2765
3.20217
0.914189
-0.226714
0.112689
-0.812808
1.89096
-0.589437
-0.514667
-0.593812
-0.617249
1.3748
1.44846
-0.450311
10.3991
1.05865
0.198178
1.12281
0.14734
0.447128
0.0565033
0.730463
-7.79403
-1.0184
-2.69758
0.391828
0.499778
-1.35042
-0.329519
-0.416348
-0.891221
-9.02383
4.37991
2.24518
-1.33258
0.517043
-0.834707
0.644408
-0.323303
5.09423
0.436883
-0.87694
0.192329
-27.6619
-0.818937
-1.31878
0.407797
28.4837
-3.12362
0.84592
1.02981
-0.349084
-1.24886
0.679871
4.51942
2.03059
1.32065
0.592016
-0.0271805
0.594291
-1.02653
2.19096
-1.22302
-0.408268
-0.632473
-2.45825
0.218309
1.12609
-19.0087
-0.0197436
3.98085
-2.81353
-2.33854
2.45214
4.8605
-0.230917
0.801891
-0.115067
-0.306073
-1.38671
-5.70602
-5.61963
-4.10375
-56.4329
-0.765344
0.685236
-0.0156632
-0.402168
-0.0647855
-4.03021
1.08937
0.0198337
-25.4008
-2.84349
0.180546
-1.89127
-0.934961
0.00636236
-0.330997
0.26875
1.63284
1.22185
-0.524951
0.320261
-0.543924
-3.63661
-2.72724
1.18027
0.51781
0.249292
-0.0844886
-0.60778
3.64969
0.316804
0.362413
0.580319
0.433752
-0.10337
1.23932
-0.169595
-0.343487
0.692439
-0.602138
-8.46391
0.228854
1.27791
-1.33674
-0.585143
-4.6199
-1.00732
2.24401
-0.33603
-0.104305
-0.454211
0.588329
-3.02428
-0.868921
-1.57606
6.18397
0.10626
0.827325
-0.231491
0.44126
0.696459
-1.27583
0.9356
-2.9736
3.20742
14.469
1.41308
-0.492776
-0.825473
-2.95814
1.26927
-1.41179
1.52071
3.59604
0.777717
0.573638
0.559898
-0.959554
-0.35332
0.19024
-0.245419
-2.58018
3.10625
-1.18822
-9.68133
2.35479
-0.142977
5.94573
0.202084
-0.411293
0.64922
-0.315528
-1.10088
3.21682
1.75003
1.71664
-0.448285
-10.2737
0.225041
4.79906
-0.744867
-2.4332
0.429369
0.622564
0.0126179
2.36861
-648.993
-2.84961
0.373323
0.744457
4.53866
0.687368
0.811148
-6.31804
0.610578
13.0673
0.710273
-4.35794
-0.15093
-0.546477
-28.6392
2.15958
0.350491
-0.481581
1.97334
0.272746
4.02602
-0.33966
0.446173
11.2303
12.2211
0.371516
0.291026
0.417815
-2.3658
0.572205
0.108734
0.202909
-0.94966
-1.30543
3.44433
-1.95333
1.89467
0.795566
0.333173
-0.831545
-4.4742
2.13124
1.79124
-0.327889
1.13477
1.84859
-0.13419
-0.41798
-0.727711
0.899041
3.10676
0.0797177
1.13639
-0.329775
-11.5139
-0.087752
-29.1565
0.158266
-0.703899
-1.22606
0.165525
-3.70912
0.0218185
0.0916405
0.501059
1.22713
0.809717
-7.65099
4.03596
-0.607809
0.382876
-1.68503
0.982791
-2.52653
0.241254
-1.54483
-0.197076
-10.6335
-0.590758
-0.195724
-0.362464
-0.641197
1.6386
0.183179
-1.07672
-9.21262
-0.229289
-1.89502
-2.71448
-1.27769
2.50942
1.54999
-0.628417
-0.0832897
-0.477003
0.320081
4.99741
-1.59637
-0.146981
0.71166
-0.300045
2.61848
7.11687
-50.5689
0.0304316
0.638583
0.814334
-0.542992
2.24274
-0.3646
0.229094
0.00767372
-1.69873
0.362693
3.14378
1.29832
8.56703
0.219564
-2.98297
0.0486519
22.2018
-2.32338
-1.55125
0.361814
2.08815
0.892131
-0.803732
-0.131204
-0.0594742
-0.167274
-1.04642
1.63124
-0.095885
-1.33337
-0.215793
0.0472633
2.27768
0.151764
-0.118635
1.06205
-0.456315
104.273
0.213436
0.900305
-1.58154
-1.00619
-2.2599
-1.74953
-0.46253
0.826029
0.129051
-0.681895
0.513184
-1.54133
0.0853914
-3.37438
0.0565847
250.921
-0.253678
4.61028
-1.94477
-0.777652
27.515
-0.446598
-0.0126085
1.16302
5.14563
-0.468069
-0.722516
-1.18536
-0.0656464
-1.01732
-1.17339
2.15754
-0.603152
-10.5644
-1.11838
0.82849
-0.898997
1.8105
7.63077
4.9768
-0.747798
-0.34443
0.603071
-0.307814
0.22535
-1.41406
0.291919
0.687446
-0.821835
11.0061
-1.29139
1.14039
-3.46398
0.619448
-1.39358
-0.522732
-0.261122
0.301195
-1.32112
-1.99947
-0.422055
-3.4764
-0.362596
3.21467
4.66872
-1.03159
2.65408
-0.556564
7.09012
-0.267651
-12.3335
0.25277
1.766
-8.53463
0.282101
-0.686456
-3.29694
0.0391922
-0.453685
0.676923
6.65071
-0.474617
-2.3158
1.50482
1.25065
-7.19304
0.136582
6.41489
-0.525627
-5.2519
0.173204
-1.71593
0.102197
-1.61406
0.598461
0.290257
-1.11329
0.385748
-0.474861
-0.00919913
-8.63414
-52.8771
0.168051
29.7161
-0.310648
0.637191
0.0816682
0.950222
0.575823
0.277966
-0.885517
0.563774
-6.15866
-2.46058
-0.470849
-0.124722
-2.22619
0.137551
0.0139784
-0.793623
0.790342
1.19531
-1.11841
-12.9444
-0.468426
0.863576
0.188229
-1.26355
1.41141
-0.271639
3.026
-1.41238
7.43798
-2.58021
0.097001
-0.0894846
2.56528
-1.67152
-10.3252
-0.921724
-1.44071
-0.702333
-3.71895
0.185529
-0.21268
0.546672
-9.03981
3.65833
0.415519
-1.16066
0.439405
0.0790888
0.0779509
-0.889322
-3.78568
2.20408
2.70609
0.283402
0.264357
1.61525
-1.76265
1.32651
0.265501
1.82865
-0.612917
-0.335425
0.180482
-1.80097
0.565613
-0.159319
-4.484
-8.15993
-0.533327
-0.424503
-1.24832
-1.20107
0.568241
0.218367
0.439485
-0.509381
-0.252865
0.493026
-0.181259
0.0199336
1.40158
1.9457
0.470886
1.18743
1.10614
-2.30826
-0.975965
1.42933
-1.00262
2.10121
0.246303
-0.657856
0.299746
-1.44737
1.08061
1.35706
0.129799
0.711067
-1.03289
-0.891019
2.23647
2.22486
-6.29739
-1.60975
-1.01346
-1.36657
0.222117
-0.0198811
-1.09228
0.820349
0.450479
-0.576785
-3.26543
2.76293
0.20714
-0.492065
0.517755
0.839161
0.257065
-2.92834
-2.08029
5.30659
1.71424
-0.602645
2.49242
8.03509
-5.39439
-0.346387
0.286173
6.02631
-1.42569
-2.3455
1.20278
2.58217
-0.41353
0.179627
0.35676
3.66685
1.04475
25.7645
1.88634
4.0609
-2.64981
-0.441975
-0.0214196
-10.7499
1.10697
-0.86808
8.96734
1.32816
-2.11726
-3.0249
-4.97328
-3.51443
-1.1508
-9.74411
3.70049
0.0200553
0.739921
1.41033
-4.87925
-1.79254
-1.42478
-1.04527
-0.146795
-0.880332
2.24095
-1.70336
1.81056
-7.10766
-3.73097
0.0589043
-1.16157
1.71571
2.02238
0.39472
-1.78211
-0.493709
-1.17577
3.03022
-10.1742
-0.038367
0.931862
-2.19468
0.377185
1.08095
-1.78017
4.0479
-2.16058
-5.26164
-1.49767
-1.47317
-0.665739
1.04123
6.49109
0.621697
0.227595
-0.179622
0.513784
0.850863
-1.40785
0.246262
2.0553
0.847704
-0.560225
18.0157
0.181694
0.132506
-0.421156
0.0998671
0.0289085
3.93544
0.376555
2.71087
0.411663
0.627909
-0.776116
0.983899
0.28817
84.2997
2.88241
-1.49038
-0.173239
-0.366767
0.636259
0.319257
0.29411
-0.151488
10.3158
-0.796646
5.14361
-1.33013
-0.455859
0.14191
-1.5585
2.28228
0.0710284
-3.85904
-1.84173
-1.23553
-7.63542
3.60909
37.0402
-280.118
1.61547
1.8875
-0.810735
-1.96523
-1.11896
-0.87493
-0.0256801
-1.41529
1.35932
0.140486
-0.399181
-1.67847
-0.212772
-0.125731
1.90484
0.278743
-0.445911
-2.13228
0.845582
-0.377379
-0.106825
-2.38438
-0.749695
-0.730471
0.169973
0.140943
-2.28751
5.60361
1.22577
0.307319
1.00246
-0.152177
-0.307358
-0.383782
1.37677
-0.358312
-0.957109
-0.564285
1.50955
-2.43346
-1.25403
-0.152602
0.766062
-0.291162
0.673353
4.80393
-0.208535
0.543714
11.7023
2.50777
0.171986
-0.00874819
1.88227
-0.137473
1.71459
0.583198
-0.70698
-0.397597
0.409138
-1.1506
-0.112157
-0.217009
-1.60599
4.90528
-0.254988
0.683248
1.29258
1.18616
-2.31296
-0.920567
1.65871
-10.6022
2.28316
-0.619123
-2.16894
-2.22053
-0.510157
1.48418
0.454578
2.86679
17.1273
-4.31175
-0.400256
-6.32881
0.285888
-1.9596
-6.94557
4.63889
-5.63242
-0.350941
-0.287255
-1.80148
-0.840425
-11.4218
-0.864104
-1.47126
-0.70736
0.718227
3.16981
26.1396
-2.99657
-0.18545
6.23762
-4.54633
0.320545
3.86387
1.91676
-0.019688
-6.19112
3.58122
-5.09691
1.15197
5.56014
-1.15743
-0.140965
1.30343
1.64584
0.113935
11.3272
-2.37874
-0.195886
0.945345
0.590709
-1.29796
-0.707563
0.603477
0.481137
1.14533
-0.70823
-1.03699
2.81264
-0.267588
0.758141
-0.741687
-109.153
1.78639
-1.10264
-0.198659
-0.730203
0.360378
-2.80678
-0.33813
0.405229
-1.70518
-12.388
-2.49934
-0.567343
1.62491
1.14307
0.329088
0.120888
3.36872
-409.105
1.55379
0.231327
-0.36604
0.327281
-1.00612
-1.54158
1.68041
-0.695741
1.63037
-0.944734
-1.094
1.42366
-0.115013
4.06035
-1.56868
0.364527
-0.181322
-0.432708
-0.559232
-0.0522696
0.0202749
0.675204
-133.479
-1.93679
-1.1726
3.79845
2.20534
0.0924527
0.494877
0.383703
2.44018
-0.266932
-0.0856317
0.729541
1.96209
1.26889
-3.2738
-0.0999201
2.96032
-7.2195
4.49944
-0.0908204
-2.91528
3.1739
-1.66538
3.42353
-0.869709
0.809987
0.435305
1.35094
3.66817
0.964963
1.39232
-0.162364
-0.25274
-12.8112
-1.3654
0.22628
0.522204
0.555508
0.51965
-13.4147
0.56969
-0.61876
0.218789
-0.81938
2.05558
-2.05335
1.67116
1.66931
0.768733
0.646024
9.64119
0.930066
0.105771
0.789905
1.90022
-13.8632
10.3975
10.486
-0.234458
6.43667
0.0599429
-6.60994
1.71418
-0.130864
0.0167638
-9.30004
-0.00465445
-0.606815
0.046585
0.0143739
-0.474189
-0.1086
1.45875
1.29466
2.40578
-1.05325
-1.87305
-1.25126
-2.15134
-2.43549
-7.13417
1.35174
1.10333
-0.427405
2.6382
17.3582
3.3797
-1.1502
-0.186531
0.442894
-0.246789
4.11487
0.794023
-2.54718
-0.822986
-0.352698
-0.0183306
-7.22165
-12.5739
-2.04042
-4.93124
-0.990908
-6.17819
-0.23085
-0.386337
-0.241104
-0.748316
-3.72609
1.092
3.83613
0.0870548
-1.22361
0.285434
0.856025
0.612359
0.748145
-9.32566
0.232725
1.40784
2.52946
-4.56394
-0.485005
0.508348
5.48893
1.38897
-1.03893
0.221019
18.0159
0.117337
-4.83724
3.55063
-1.00276
-5.30058
1.26352
-5.29192
-29.823
-0.275367
-2.90911
-0.204459
0.256044
-2.31319
-1.6489
-14.2611
-2.13407
1.58113
-0.699861
-1.05036
0.291956
0.604329
1.44002
-1.1824
0.551759
0.39461
2.07305
0.647062
-3.19687
-4.44286
-0.895901
3.82591
-1.81626
9.97883
1.46926
-0.461796
0.0938605
-0.289285
-0.813253
10.882
0.776075
-4.38399
-0.491938
0.00208681
-0.770714
0.79165
-16.1553
1.84434
5.69589
4.15916
362.425
-0.0660685
-0.108579
-0.92577
-5.21277
0.162764
6.5999
0.714116
0.869046
0.282824
-0.356651
5.3348
0.328436
2.43123
-0.368929
-2.97889
-2.31608
0.258292
-17.8842
-0.606762
0.158278
0.154896
-2.06752
0.395078
-0.559403
0.102642
3.10446
6.68282
-0.949611
-10.994
-0.860964
0.85923
-0.349344
0.790827
20.8128
0.442416
0.404469
0.0365371
0.570298
-0.120972
-0.39095
0.721731
-2.5724
-32.2248
-1.08754
-0.733203
-1.5125
0.193345
-0.569744
1.35438
-0.213341
0.391889
-1.96767
-0.445597
0.831912
-1.84167
-0.0022053
19.6385
-0.421079
0.455479
0.302871
-7.89599
0.330731
0.491227
-3.55422
-12.3519
-1.15814
-1.09836
1.45464
-9.5778
0.0138684
0.409612
-2.38446
-1.09399
0.153038
51.4296
1.13179
1.40053
2.14564
-2.83528
-0.329808
-0.417592
1.36262
-1.9623
-0.936397
-1.97946
-0.925848
-2.41714
1.69085
0.414557
4.41031
0.576632
-0.800781
-0.73341
-1.52063
0.650146
8.85735
-0.846432
-0.0935393
-8.05324
-0.58218
-0.62333
0.659788
0.799842
-0.410045
1.01994
5.55544
0.227241
-0.228088
0.585098
-0.249858
-11.8634
-7.78261
41.379
-2.39662
-0.22271
-0.70419
1.65858
0.186576
0.24407
1.11188
1.2885
1.87381
-1.14018
-0.699276
0.758876
0.748918
-0.24256
1.82647
0.784123
0.127145
-3.89542
4.93409
-1.97593
-3.31369
0.423505
33.0721
-0.223556
2.71177
-2.48706
-2.68246
-1.28413
0.704989
-48.0369
0.720645
4.74736
-1.66122
-0.454646
-0.581822
-0.705875
2.5296
-1.05253
0.862963
7.02129
-4.79195
-0.488979
-32.9643
-2.52938
0.329941
-4.98617
0.00862668
-1.80499
0.847321
0.517673
-0.831893
-0.550967
2.6796
-0.217458
0.999904
-1.45304
5.39295
-0.449833
-0.184848
0.34695
0.455993
0.186667
-0.401477
-0.179093
-0.89383
-2.04269
-1.79287
4.45858
-0.230803
-0.505823
-0.871998
0.535317
0.514098
2.63426
-0.696501
1.22336
-2.7561
-0.13184
-2.41877
1.56051
-0.955679
-1.89816
-3.88039
-0.0459827
0.1526
-0.116338
8.85639
0.593622
0.378824
3.05567
1.38991
-1.5081
1.71902
6.95823
-0.367239
-1.59178
-1.28757
-0.741697
-0.822474
0.666854
0.892652
-1.11603
3.39988
0.95299
-11.8801
1.65211
-0.535253
0.828893
30.1601
-1.31679
-4.54512
0.361556
-0.383891
0.261865
0.076393
2.10234
-0.38646
0.654859
-1.28178
348.284
0.552045
0.442554
-0.280078
-1.50901
-1.32534
0.668106
7.04349
0.962881
-1.10527
2.25155
0.00563143
-3.36227
69.3124
0.678219
0.0661325
8.03437
-4.84642
-2.50033
0.714825
-2.96921
5.16792
0.949045
-4.52389
-1.99224
14.7382
0.568565
3.96216
0.13218
-0.145088
-0.623406
-1.29406
-0.180273
0.660617
-2.50774
-0.329276
7.6063
3.3768
-0.132733
0.867022
-0.659194
-6.61498
1.09401
-0.404186
1.37606
-0.389581
-2.01818
-0.219979
2.60259
19.2416
1.32532
-4.39468
0.183545
0.855111
-0.142851
1.35781
-0.893478
1.00147
0.548063
0.418856
1.10547
12.4591
1.17775
1.64998
2.2767
-3.45882
1.35518
2.11381
0.49023
-0.280478
0.644853
-1.89437
-0.544168
5.32997
-1.0113
-0.413718
4.2751
-1.00421
0.219244
-3.08445
-1.73413
-4.76408
0.0526631
0.000646373
-0.167971
32.6483
1.84315
1.51741
-1.86979
-55.1821
1.24996
-1.24547
-0.123029
-2.23203
1.35974
-1.2478
-7.49921
-0.657499
-2.88723
7.78508
-0.666245
1.37684
0.0768151
1.02942
-0.525699
8.61832
0.20686
1.41592
-3.93875
-0.589944
-1.84053
-0.140908
-2.01242
-1.38308
0.184316
-4.70781
-2.74284
1.09011
0.593958
3.00679
-5.13518
31.0637
-0.687345
3.92624
-18.4688
-0.400989
6.77747
-3.65471
1.16855
-0.243836
0.0861208
-16.2939
0.150788
-1.06737
-0.153621
-0.930154
1.36477
-1.66381
0.895111
0.0241798
-3.23592
2.0458
1.58798
2.06905
1.15346
-1.09798
-2.1317
-2.50964
-4.62816
0.575078
-1.64062
1.06904
0.286915
1.31649
-0.836917
-0.624427
-0.95957
-2.28328
-0.527051
-2.8272
2.8329
45.1856
0.0255389
0.38693
0.0317378
0.584562
-0.666315
0.537214
-3.67484
6.68783
-0.0825507
-0.695821
-0.003681
0.405776
-0.301161
0.671756
2.36336
-1.7009
-1.50124
-31.1984
-1.66633
1.46206
-0.904294
-2.00151
0.282063
1.72076
3.4091
-0.731279
0.381785
8.05187
0.401578
-0.142003
-6.6166
-0.60046
-0.790656
0.708391
-0.147976
0.558711
5.48286
-3.70308
0.170725
-0.305967
-0.730013
-1.33799
0.55217
-22.2295
0.853807
0.288688
1.05813
-2.09584
-0.0631689
-0.644854
0.943526
-0.359143
1.19814
-0.656963
0.380292
3.01788
0.36636
-1.09554
0.131387
-1.44863
-1.02053
-0.111524
-0.433253
492.633
0.391643
0.633258
0.725969
0.0122371
-0.802883
0.486284
0.546744
1.43945
0.918095
-0.512871
0.609272
7.08027
-0.585152
-0.655818
-1.71776
-0.948159
-1.37051
0.344366
0.4498
20.016
0.864517
2.91933
150.178
1.17246
0.60045
-0.0358505
-3.34644
9.90321
-5.70157
-0.167872
5.54067
0.721882
-0.33472
0.316282
-3.81814
-0.169625
-7.3742
-4.07155
-1.5856
-2.16049
0.769539
1.02019
5.30391
1.57848
-3.40329
-1.13078
0.108171
-1.12252
2.56092
0.586948
-0.714388
0.0864755
0.302801
-2.11525
-0.109726
-0.215571
0.256454
-2.75822
1.04714
0.989362
-4.30809
0.393145
-2.3495
-0.27152
-1.61809
-1.23874
1.7937
-1.67181
2.0128
-0.628002
0.0815136
0.661365
-4.97423
1.13463
-0.110543
-0.807621
0.0346508
-0.201069
0.341017
1.83597
1.0008
-0.744249
1.2684
-510.62
0.465602
0.175069
-0.387743
1.22969
-66.4543
1.70601
-0.0598527
-0.928797
0.368367
-1.65428
0.802642
4.56969
0.290459
-1.58746
14.8291
-0.181135
15.7998
8.81027
-2.10225
0.791495
-1.03102
-0.590235
2.17448
-2.59414
1.97111
0.102041
-0.383607
-1.2342
-0.0833752
0.120405
0.688076
1.41208
-1.11679
3.21066
0.190493
-23.4455
-0.252757
-0.747298
3.13278
3.02791
0.493936
-0.073714
3.70889
0.467714
0.595063
-1.91714
-2.99683
7.16264
0.110294
0.20165
13.8614
-1.39493
-2.45358
4.77751
-3.94587
4.46266
-221.266
-77.2557
-0.26574
5.16727
-0.72458
-0.0536531
-2.92492
1.6795
-1.27702
0.353563
0.526023
-0.0372908
-0.390181
0.200171
1.37457
0.157195
-0.169547
-0.298043
-1.47782
0.632305
-4.75041
21.2745
0.646829
-0.391627
-1.19784
2.18078
-5.11779
0.495503
8.13534
-0.312755
1.53716
2.0665
-2.06403
-0.978617
-0.275392
8.60894
0.332173
0.131531
-0.0294688
-1.15785
-0.948161
0.0724937
-1.95333
-1.24011
-0.196847
2.11589
1.0483
2.83459
0.0152923
1.59274
3.18415
-0.333622
-1.92347
2.19303
1.45887
0.3436
0.323003
2.65685
-1.93296
11.7114
0.1224
-0.364393
0.61632
-1.4784
-1.64822
-0.974471
-1.37879
-0.47045
1.48827
-1.06921
0.116524
2.28178
-0.700662
-3.17439
4.85659
2.91685
0.790195
0.300172
-10.9891
-2.5716
0.829467
-1.97898
1.73751
-2.48949
-6.1832
-0.0272015
-0.35671
-1.75168
2.44334
3.32014
-0.0812405
-0.152444
-0.250533
0.459612
-46.2239
7.05593
3.3038
1.86495
-51.2299
2.5292
1.07749
0.0479632
9.10558
0.0143594
7.96709
3.68934
-0.154103
0.0697819
-2.61605
0.40103
0.401366
-2.75651
2.20827
-2.31521
-0.000623064
-0.933935
0.117144
-0.930808
1.64672
2.4802
-1.21016
-0.641876
0.145526
0.938315
-0.398541
-19.7097
-0.0945435
-0.193587
-6.16335
0.491574
-3.00162
-0.563754
-0.253338
0.0945089
-0.720628
0.384111
7.27475
0.419345
-0.187981
0.247605
-1.25579
1.23212
0.28571
-4.85473
-0.642427
0.624725
-0.581661
0.847681
1.99846
-0.171207
-2.42793
0.58242
0.306722
-0.444419
-3.51867
9.84808
6.25658
-0.746132
-0.684319
0.518165
7.85048
0.427181
1.03364
1.45702
-11.4293
16.8737
0.349774
9.54194
0.422319
-1.01615
-0.858998
1.16117
0.957589
0.637989
0.102026
0.162689
-3.81582
2.48718
0.639126
0.537115
-0.28176
-0.360825
-0.0167585
0.276512
-2.45284
1.21363
-15.3935
3.18668
-1.88244
0.67686
-0.571131
0.968754
-1.9819
-0.756816
0.0936381
0.570884
0.410809
4.24893
-1.64733
1.81751
-0.319997
2.11585
2.18576
-0.388744
1.1695
0.866295
-0.642761
-10.3135
-5.34611
-2.53442
0.535371
0.0112896
-0.271667
0.784851
-0.34328
-11.9042
10.0262
-0.845098
0.142861
-1.53909
-0.443792
-1.9672
0.397179
-0.445826
0.311404
-0.00683755
4.07178
-0.291742
23.7191
-2.65766
-1.64004
19.5791
-0.613588
0.631575
-1.77015
-2.46736
0.0873062
-0.171679
672.022
1.4494
0.379342
-0.485807
1.45144
-0.382256
-0.524155
0.049776
-8.05852
-2.12398
0.94587
6.51649
-0.664928
0.390327
-0.664176
-0.236451
3.27741
10.0639
1.46482
3.34563
-0.559774
-0.533221
7.29735
1.62276
-0.830417
-1.04752
0.336373
0.0539511
-0.948003
0.429603
1.66863
-10.3403
6.91711
-0.211229
-0.295184
0.014575
0.461645
1.31739
-0.390762
0.351993
-0.431895
-0.198013
-0.220081
0.173283
0.6364
0.206173
-1.0497
2.46365
0.801596
-5.78524
0.585463
-3.52178
-0.379442
-5.8597
-1.70842
-1.28463
-1.1201
2.69395
-1.68868
0.382421
-9.79668
-0.0555257
-1.21323
-1.77296
-1.12304
0.170844
-0.0242014
12.3791
6.36539
0.410825
0.686419
0.833504
-0.0390655
0.310043
2.12256
0.487255
-6.78457
-0.437852
-1.14248
-7.43381
-1.53437
-0.414422
-7.42887
-1.18353
0.0950815
0.789964
-1.61596
-1.8233
-0.381459
0.462451
-0.843431
2.42655
-0.227126
1.50733
0.824852
-3.48331
-2.7878
-1.3815
0.699416
-0.599626
-8.00406
0.0129418
0.478877
1.0057
0.130935
-0.153969
0.546007
0.421924
-0.817122
2.54424
0.44151
10.9613
0.315345
-4.67183
-1.59744
-0.0961231
-4.30247
-1.29689
15.2326
0.51313
-1.43449
-0.366459
-2.8538
-0.142011
-0.752041
-0.0651807
-1.1549
6.0577
2.2109
0.080788
-0.894339
-4.02389
0.770219
-0.13157
2.87938
52.2231
-3.66206
-1.40595
1.13967
0.631107
-1.07181
-7.83821
0.733032
-0.687405
0.468673
0.942145
2.17061
5.3702
-0.133899
-3.43009
5.66695
0.420725
0.653936
0.384783
-0.275437
1.09322
1.4681
1.42961
0.243918
-0.441677
1.00775
59.4405
1.53036
0.363412
-2.30544
2.762
-0.330907
-0.330625
2.71071
1.10972
-0.0894655
0.162941
-0.507334
0.0942575
-0.601549
-2.10457
-0.492684
0.0238448
-0.466218
-0.585438
4.37187
-0.591634
-2.30109
-0.4294
2.17156
0.00183898
-1.54953
1.72099
0.00759392
3.19793
-1.07464
-0.676727
-1.45485
-83.8177
-0.0332382
-0.978184
0.117458
2.50001
-0.739534
1.58042
-1.28498
-0.252725
3.93482
-0.960631
-0.662613
0.000613433
6.08773
0.325758
1.53002
7.8615
-2.40021
-1.79952
0.0410301
3.59599
-46.1427
-0.346796
-3.08726
0.822883
-0.678661
-4.92264
2.00413
0.168616
0.616714
-1.5631
-1.58511
7.81168
-0.128745
-0.124228
1.02973
1.45891
0.802103
-0.781618
0.132809
0.082327
-1.12743
0.466571
2.11807
-0.448656
0.310837
-1.209
0.0336284
-3.49872
-0.83598
0.581546
-0.522943
-1.02599
0.23435
1.64376
-0.0885735
7.45195
-0.636276
-0.421983
-0.0666883
0.550965
-0.55344
-1.47912
2.7633
1.3403
0.550416
-2.05368
0.205137
-0.710979
-0.148909
-0.842021
1.32237
0.0804234
-5.00006
1.68085
0.356727
0.593427
-3.12112
-5.5231
-0.217588
-1.91979
2.27893
-0.643705
-0.591892
-0.406923
2.45409
-0.634301
-5.00633
-3.00814
-3.58299
0.749622
3.50697
-0.818773
-0.649557
11.6197
0.0154633
5.22337
1.4704
-2.28337
3.30984
-0.0276236
0.256113
20.535
7.74972
-2.72972
0.95786
0.250641
-21.7639
-13.4853
-0.234479
0.210363
2.55941
-0.0316681
3.13915
8.39308
-2.44384
-6.27916
4.35623
-0.129844
-1.16153
-2.25022
0.311074
4.98442
6.85917
-1.20096
0.43753
-0.0724724
-1.0086
0.823633
0.730108
1.0405
3.75724
0.284297
4.06382
0.405826
-1.13105
0.290865
3.29105
-0.0726505
-0.367623
-2.89625
-1.48738
-1.11087
23.9827
-0.862744
-2.03489
0.380604
-0.0655996
0.223219
-20.4468
0.604957
1.47693
0.783044
0.82423
-1.75518
0.419569
-1.41317
-1.51979
-3.32868
0.433057
-1.21155
1.09787
0.272836
1.38785
1.37104
-0.135102
0.790549
0.255229
-0.195157
0.54236
-5.46237
-24.0645
0.977015
-0.853965
10.0919
4.19172
-1.2431
0.742048
2.41032
3.23184
-0.0355476
-0.264813
0.574408
-0.537886
-0.120379
-18.5427
-0.435542
0.722281
0.238527
-0.494928
-6.07336
3.1244
0.266458
3.5602
-0.873144
0.133505
0.135745
0.289664
-0.363757
1.35466
-4.9257
-0.901329
1.19477
-0.519933
-4.53116
0.521892
-0.974707
2.17476
-1.24416
-0.442737
9.24633
0.57759
-2.61367
0.0453888
-0.528472
-1.62524
6.39097
0.200365
-0.102793
1.45762
0.642966
-1.15717
-3.91496
0.852403
1.02343
0.493907
0.15966
-0.167088
44.9784
-0.519689
0.769095
88.997
1.00347
-0.430936
2.75332
-0.703761
0.779978
-0.6985
-6.07575
0.322269
6.54201
0.948285
-0.236001
-2.3069
1.93161
-0.739587
-0.913731
0.298834
-0.4753
1.31088
0.97724
-1.79435
0.626974
0.00084495
-0.696166
-6.27949
0.591644
-0.184588
-0.480718
0.0893087
5.55829
-0.126628
11.9844
0.226206
1.46078
0.811807
-1.5362
0.429287
-2.83834
-0.6214
-0.0978173
4.41441
-0.252435
-2.14809
-0.256462
-0.221549
-0.665781
-0.845844
0.223629
2.4525
1.97743
-0.411848
0.631652
1.63561
-50.18
-22.9044
-0.20092
-1.32473
3.06423
-0.279898
-3.5974
0.823282
40.0434
-0.542648
-5.70297
0.401666
3.64381
-0.259255
0.434847
-0.50834
2.02799
-2.15352
-1.57997
0.77717
-0.245477
-0.992074
0.65287
-0.0469797
-0.531301
1.27274
-0.130787
-0.550444
0.467229
-2.75038
-2.4149
0.326449
-0.29272
5.17627
-1.6189
-1.40838
0.832079
-1.06468
14.1944
4.39401
-7.00581
11.8785
0.888442
1.81495
0.495542
0.92886
2.76177
-0.598494
-2.31213
3.74451
0.347559
0.4896
27.4251
0.310119
-2.82663
-0.557357
1.12316
0.717743
-2.13153
-0.677406
0.949602
1.8949
3.40969
-0.0481376
0.0609124
0.37893
3.63041
-1.23929
0.511385
-0.409007
0.469128
4.45107
-2.09966
0.632949
-11.8519
1.98362
-1.23312
-0.36392
0.771974
2.57281
-1.38106
-3.46109
2.10312
1.13934
1.01586
0.881318
6.11321
1.87217
-23.6375
0.0223797
-0.690723
-3.62878
-0.195587
-0.270605
1.28947
0.821399
-19.996
-9.75523
0.589595
-0.437233
-0.27464
0.0910574
0.740373
-3.72617
0.317396
1.45496
0.210458
-13.285
-0.323026
-0.438235
-1.29196
0.0133684
16.2007
-8.716
-0.228996
0.564066
-0.841484
-1.03617
0.600217
0.649642
0.130258
1.97254
-2.49575
1.84045
-0.256979
0.378169
1.42502
-0.255846
-0.490157
9.22362
-0.791458
0.332784
-0.442806
-0.291653
0.349652
3.12576
-0.0819863
-0.70151
4.47048
0.897136
0.533458
-0.682303
-7.06351
0.563172
0.645285
3.83443
0.486744
-0.507178
-0.656498
0.082776
-0.201014
0.822631
-3.18883
-0.324029
0.685046
0.0209792
0.44279
-1.56852
-121.353
1.39068
-4.60439
1.02932
2.99113
1.98535
-0.5008
1.08266
0.0663103
-0.186393
-0.476971
-1.47993
-13.9785
-3.47373
-0.178675
-0.491782
-0.158224
0.67691
0.0536206
0.548407
2.61681
4.84692
-16.8118
-0.736114
-1.36162
0.653483
1.20103
-1.79378
-4.2079
0.305461
1.57583
1.44799
0.169335
13.2075
0.440967
0.905301
0.444124
-0.347534
-27.9466
0.562305
-0.340686
0.126695
-0.0819914
4.12467
-0.172458
-2.32438
0.934799
0.180149
-1.6668
0.9894
-0.0718522
-4.34424
0.136327
4.58776
-3.12371
4.34388
-0.0923035
-1.30178
4.62222
-1.65546
1.18674
128.885
1.04814
-1.53001
-1.01213
-0.517403
3.41383
-0.67101
0.329159
-0.279199
0.120971
-3.41631
-1.99149
2.58689
-2.93242
0.688771
2.49843
-0.115156
0.949035
1.39066
-0.824271
3.06514
-1.50122
-2.19235
1.09151
-0.672596
3.98189
0.0490958
0.594144
-1.57761
2.07313
0.317924
1.10927
0.961109
-1.53158
-6.10517
-0.412637
0.292692
-1.86498
0.69917
-2.64089
1.21115
2.4506
1.1784
18.0688
3.28937
-0.544234
0.191562
-0.0918354
-0.369741
1.1871
-0.980185
2.20246
-1.05178
1.60633
-0.23807
3.84916
-0.934358
0.189314
0.997328
-1.81819
-0.184545
-0.541278
-1.19067
26.0204
0.781278
-0.227551
-0.793739
19.9378
-1.30826
0.350947
-0.929014
-1.53398
-8.80972
-0.454354
-0.631885
1.79685
0.129048
-1.97237
0.164608
-1.0906
-0.149409
-0.330969
-0.616906
0.35529
-2.06289
-2.98793
0.636811
2.05449
0.501806
1.20368
0.124275
2.35223
1.6633
-19.2005
-0.529717
-0.354956
-0.698699
0.892164
-45.7041
0.0846686
0.648312
0.400875
0.297298
-0.947654
0.299249
1.60113
0.291081
13.5758
1.26264
1.03248
0.364994
-0.124933
0.0045201
0.626503
-1.71754
-0.959721
0.189075
-0.51308
0.0966573
2.96291
-1.34627
16.4717
-0.25538
0.289028
0.0908544
0.0686227
-4.55876
-0.104125
-3.08122
-0.924908
0.741794
2.73731
-1.24877
-0.304328
-2.28017
-1.07958
-2.08444
-3.43826
-0.391019
0.703194
-2.40192
-0.494985
-0.0959706
-2.69359
-1.8568
0.728272
0.706712
6.61774
-0.21306
0.389685
-0.446696
0.314646
-0.296214
-3.99061
0.8966
2.01781
1.38642
0.0135271
32.6714
-0.801271
-0.224169
1.6946
-0.361544
1.33357
-8.65022
-0.688883
0.050087
0.883061
-0.835843
-64.8227
-0.462189
-1.59104
1.12862
-2.1808
-0.299776
-0.887629
1.21918
-1.04005
-2.60008
-0.10107
-1.50967
3.18793
-0.481438
-0.913534
-3.18165
-0.597173
0.231716
0.0121786
-56.5163
-0.228352
-0.789825
-6.75426
7.33948
-0.755435
1.2243
0.352378
-0.620412
0.613366
0.120438
0.239343
-0.611006
1.65747
-0.797896
-0.0590737
0.964342
0.47365
3.77227
0.113296
2.70344
0.561431
-560.89
-0.66677
-0.76447
-0.30718
0.398636
-1.13555
1.11538
-2.93882
0.056816
2.0117
23.1774
-1.28726
-1.33534
-2.08924
-1.49268
0.565162
-0.00811516
-0.00725664
0.652215
-0.785132
1.10484
0.392121
-0.386691
-2.74592
-0.0732557
0.475668
1.49073
-0.274377
-0.90758
-0.0241861
-18.549
8.66165
2.19734
0.856139
5.02659
2.42509
0.120178
2.56665
0.341416
0.364219
-2.34479
-0.0211452
1.23012
0.590962
5.18753
0.797603
7.30395
3.05216
-0.840375
-65.5241
-1.061
-0.458593
1.4383
1.03223
0.244515
-15.4188
0.301292
4.45751
-1.17415
-33.0564
5.98313
-2.29845
-3.93379
-4.25572
-0.81586
0.153028
1.11489
-10.9862
-1.21935
-0.141002
-1.24881
0.164045
-1.24749
0.908666
0.633294
1.43915
4.076
0.902572
2.25424
-0.311808
-1.09473
15.6412
-0.766334
-2.42715
-1.1937
-1.25678
0.0785348
-3.43749
0.546649
-1.13076
-0.646017
-0.79087
-6.60705
-0.680465
-2.02946
-0.682173
0.066203
23.2549
0.818128
-12.3808
-2.68655
0.259543
-4.53356
0.90846
2.74805
0.630829
0.2972
2.85174
0.0156245
0.251675
0.709452
-1.26382
-2.37634
3.31944
0.203285
5.9841
-3.45828
-2.60248
-23.8921
-0.218635
-0.42015
0.172353
4.97897
-6.50782
-0.0135159
-1.2474
0.785847
-8.3795
0.703538
-1.02234
4.96798
-12.6438
1.18141
0.284803
0.547056
0.428074
-0.40269
4.09175
1.25103
-0.370545
-11.1024
-2.44734
1.06485
2.50772
0.477758
0.368793
-6.86658
-4.3694
-1.25497
-0.803673
2.50627
-0.37571
0.67478
0.658098
0.748076
21.9938
-1.22604
1.64057
-0.267931
0.10061
-0.165445
-5.08031
1.23205
1.46247
1.16774
0.229864
-0.451081
2.15679
0.401644
3.06329
4.73622
0.597116
-0.663888
-0.562662
-1.08668
-6.25624
0.851436
-0.495049
-0.27805
2.65208
23.4736
-0.701743
-2.77855
0.394069
0.585106
7.87168
-2.61075
6.18586
-1.45534
-0.357946
-1.18981
-13.1315
-1.88787
-3.15941
3.94863
-0.0768147
0.977193
-1.2838
-10.3052
0.575221
0.449319
1.84883
0.0376648
0.339664
0.0948016
-0.379461
-0.140001
0.974548
3.51906
-0.768566
-8.85534
1.19329
2.80604
2.11223
-1.94835
0.586068
0.366004
-1.58887
-0.06249
0.125532
-0.337223
3.49471
-5.40177
6.81583
0.521614
-1.06621
-0.0148783
-1.34932
0.353974
-0.51941
-0.975222
-0.891067
0.500975
-0.34292
0.0771907
2.98288
-0.0766005
-1.04861
-2.07187
-0.609592
0.720126
-0.526548
0.221168
0.210377
0.559267
-0.716416
-0.24394
4.18027
-0.138333
0.520176
0.658648
-16.5488
0.560655
0.44619
3.98842
-0.295304
-0.0351924
1.11744
-0.352892
-3.67921
3.46862
-0.606832
-0.378111
-1.17492
-14.5996
1.88804
0.224795
-0.681785
-1.01536
1.53778
0.43663
-1.86443
4.14671
-0.210345
-2.1444
-0.0432564
-3.48017
0.0167226
-5.54716
-4.4544
-0.149406
-0.400474
1.49571
0.126756
-0.258413
0.146217
-0.179223
1.09886
0.700509
-0.298479
0.282915
-9.73399
-0.546254
-3.58222
-1.08738
0.73191
4.5642
45.9722
-1.04001
0.574152
-0.654508
0.225035
-12.0269
11.6779
-1.5146
-3.3614
-2.97685
1.07395
-0.103033
7.00865
1.63127
6.69476
-2.70328
-0.502038
0.2414
0.71644
-0.543073
2.71491
3.49931
0.0616216
-3.65017
-0.873475
0.266657
1.02849
-0.411399
-20.256
0.0200402
0.732375
1.65051
0.528844
2.32378
0.685121
40.211
0.557305
-0.544336
4.57281
-0.892219
-0.0697062
-0.303308
0.909182
0.735169
-2.84016
-0.715373
3.57218
-0.223425
-40.7185
0.332468
-0.318143
2.88155
0.552992
1.04046
-0.639366
-3.92136
0.616188
3.9901
1.35046
-3.78276
0.188183
3.33819
-1.09647
0.573555
1.33768
0.261583
0.582727
-0.718852
0.273997
0.270753
-0.451858
0.346776
1.05376
0.0498289
0.245981
-5.65915
-53.0714
-1.17616
0.164583
-0.411788
1.36851
0.15739
-4.62449
1.15925
-1.88566
-0.00335769
-1.54093
-7.04262
1.89822
1.36069
0.562199
-4.73145
0.287938
-26.0195
-0.195562
3.98818
-0.73503
0.824244
3.57433
-1.01487
-0.620535
1.48748
-1.15703
1.09312
2.49709
5.92331
0.18828
0.15484
-1.98134
-5.14845
5.68382
0.576446
3.22612
-5.67082
-2.33237
-0.977985
-0.0707735
-1.85885
4.21646
-1.75202
0.000914899
0.983606
84.1131
0.224645
0.0950727
1.44119
0.440043
-0.460542
-0.45954
0.274368
-4.12724
-0.0667051
-48.8566
-2.09708
-1.10155
5.24218
0.801267
-0.430004
3.17224
-65.8607
0.404081
1.39792
-0.723474
1.4388
-4.50964
0.0799964
2.30063
-0.251787
-3.47168
-2.66286
1.12019
1.71074
-0.62719
-0.245904
1.79858
0.823549
-1.04882
7.1187
-0.589506
0.340772
0.128515
0.0541585
-0.977232
-0.497969
-3.90165
0.867942
0.757569
-0.0178432
0.3557
-0.67053
-1.44417
0.971483
-0.0406352
6.66961
-4.54562
-0.313532
0.265985
1.04018
0.246366
-0.64304
-0.498062
-0.160734
-1.98348
0.18669
-0.697069
-0.118282
7.18741
3.64946
0.566064
1.18226
-1.42341
-0.193162
-0.326887
-0.689825
4.66005
-0.325103
13.9937
0.692058
-3.29476
0.00488901
-0.799533
-0.227521
-0.447478
4.8013
-0.243342
0.925022
-0.0389283
1.03007
-0.389056
-0.339409
-21.2116
12.447
-3.64067
0.858943
0.880554
-0.250992
292.937
-0.21078
-1.09042
-0.402001
-1.29156
4.41069
4.49966
4.77373
1.60248
7.12665
0.962614
-1.5447
-0.704872
-11.9958
-1.28802
-0.612484
-1.89912
-0.392376
-0.891901
0.22596
0.459456
0.067539
0.256236
0.790187
-0.754393
-1.07999
-1.22861
-0.519915
-2.54045
-1.03224
0.315692
-17.1701
0.361964
2.38243
-1.88563
1.84303
4.38963
1.48262
-2.33165
-0.694925
5.23942
1.02513
-7.43034
0.182635
0.0930817
-0.187788
-1.91177
-1.24327
46.8952
-0.809698
1.21325
-2.3835
-21.6835
-0.206762
0.306162
1.56209
-0.290797
-0.498815
0.330032
-1.91782
2.37397
1.03912
0.53634
7.0253
-18.0246
-0.302408
-0.657039
-0.368302
-0.260113
0.583924
-5.37344
0.225293
0.697652
0.799056
-0.693969
-0.589943
-1.57141
-1.48696
4.1641
4.69434
-22.8514
0.969368
0.0581423
1.79185
0.153122
-1.24576
2.85408
0.783024
0.281434
-5.66888
-0.3189
0.322017
4.27705
0.43685
-1.17605
2.01728
0.490604
6.91948
-6.13211
-0.200015
0.00173394
-0.280631
-0.336556
7.43894
-9.14754
-0.599491
-0.481082
-0.656225
0.163419
1.82632
0.96016
-0.351544
-0.672324
-0.0161121
-3.11787
0.479354
-32.6952
-0.969813
-0.834113
1.47751
-3.36134
0.767823
-0.240563
-19.7363
0.35411
-0.00673073
1.51211
2.64549
-1.11869
-11.4312
-2.70498
2.68208
0.492924
-1.88359
3.41808
-2.75317
1.00877
0.548597
-0.339636
1.27055
3.77473
-11.6731
-5.81288
-0.586432
0.711215
0.299077
14.7153
1.08438
2.64078
2.19025
1.18722
-0.869371
-0.439755
-0.47225
-2.43725
-0.375974
0.273302
-0.568282
-2.54799
1.62352
-0.0626523
-2.87507
-0.299701
-0.354243
-1.71582
-0.17475
-4.10298
-5.87943
4.80843
1.21936
2.23249
-0.552028
-0.971226
-2.16842
-1.11109
-105.307
3.45087
-1.16561
2.17579
5.6223
0.21123
0.942352
2.04371
-1.2247
5.45989
-1.22162
49.4767
1.12077
-0.111644
-10.4538
-1.47983
0.430126
0.269861
-2.94602
1.61075
1.39998
-1.72124
-1.18856
0.545493
4.39763
-4.31576
0.124673
-2.25483
-2.3366
-0.0939851
16.8895
25.8729
2.85117
-1.20601
-3.30878
0.658385
-0.578268
1.41217
0.535062
-3.46525
-1.07831
-0.122381
9.36823
-0.800691
0.431101
-0.310643
-0.350109
1.40532
0.13653
0.494847
3.85087
-2.60801
0.964491
-1.09193
-0.0486985
-1.22295
0.0457257
1.19357
0.545238
19.4474
0.099236
-2.12691
-0.288449
-0.156366
-0.142553
-0.311667
-0.414752
-1.8774
-25.9114
-0.283312
-0.518187
-0.83083
-1.726
2.14258
3.18128
-7.50399
-4.8262
0.85484
0.452145
-8.6567
0.828295
12.3251
-4.34873
2.34464
-0.520176
3.79543
0.533133
0.231281
0.0363912
-1.93818
-1.54837
6.08042
-1.47434
1.0191
3.23451
11.182
2.47221
-2.81568
-0.804107
2.54043
-1.60517
-1.09102
0.403682
-67.2665
-2.22587
0.591914
4.51636
-0.136849
3.99726
0.120605
-0.677384
-12.6271
-0.414713
-0.94576
-0.229856
0.0953572
-2.37682
4.51955
0.620704
-1.33976
0.341791
1.1671
-1.01805
-0.191059
-0.131087
-0.110361
-2.71909
0.333588
2.25684
0.325459
-1.26648
-6.00159
9.34324
-0.413187
0.603932
0.430623
2.67477
-0.174903
-0.430445
0.142446
1.59126
-0.415859
0.786898
4.04045
-0.143112
0.461982
-46.341
-0.0262818
-35.1306
-2.09995
1.35888
0.364187
-0.735744
-0.567456
-1.42333
0.815798
-0.989604
-0.476777
-0.477183
-0.835422
-0.131966
2.77977
-0.147317
0.779394
4.78335
0.567817
0.349062
0.998823
-0.387081
-0.559336
0.393893
-2.05016
-4.01344
1.6396
0.909481
-5.6679
1.77258
0.471266
2.4428
-0.811116
0.0243848
-0.711548
-3.50838
0.334382
0.0699578
2.82908
-15.0283
0.58074
-0.798225
-1.2801
-2.79319
0.700465
1.90523
-1.01283
0.0502912
0.227976
-1.56058
-0.279982
-1.5617
-3.49017
0.579888
1.35882
0.466161
-1.13402
0.0529046
-1.4645
-1.415
-0.876342
-6.96486
-20.8643
-2.23476
1.38071
-6.6425
0.148996
0.51988
0.129305
-18.8386
1.06218
-1.85333
-0.313407
0.835993
1.15523
-0.321302
2.45842
-1.04069
-3.22211
-12.9867
-0.228926
-2.47131
-0.315006
1.01631
1.7567
-27.3981
-0.301633
-0.81493
0.164207
-1.44477
-2.2782
0.38646
-0.0573361
-0.00527961
-0.181964
11.9263
0.393398
-0.201341
0.448033
0.192655
0.0882573
-0.045579
-7.72019
0.296415
0.68398
-1.31333
0.156536
-1.16833
-0.155161
1.06721
-0.800364
-1.35685
-2.42052
3.47162
-2.09655
-0.20424
-0.228642
-0.58973
1.85095
-0.134
0.297975
-122.052
-0.564355
-0.092242
-0.303391
-0.880394
-2.37835
1.78104
-0.410873
-0.0372708
8.59478
-0.0402883
0.121385
0.0753045
1.22176
-0.621871
-1.4747
-0.65927
-3.27976
2.53325
0.332619
-0.698859
1.0479
5.45786
-3.29947
0.0247506
-0.407781
-0.0774607
1.2728
2.36597
16.5357
-2.41837
1.8708
-1.37307
-1.47421
2.52692
0.00878446
-0.381753
-0.869433
0.530214
-1.21571
1.27572
-0.558143
-4.97204
-0.0109062
-0.624478
1.07616
-1.92047
0.0486812
-0.400234
1.45461
-0.829161
0.909688
0.0515
0.279359
-0.111822
-0.092316
-0.317963
2.21532
1.64109
29.7001
-1.51696
-2.35462
-2.29143
-0.299649
1.45615
-0.153584
1.27285
-3.06251
0.408457
-0.176541
-1.69901
-0.582528
0.380631
-0.0271762
4.99144
-0.729934
-2.11549
3.86249
1.50306
-2.42977
0.906336
-1.01325
-1.18285
1.63192
0.749857
-0.30628
0.182449
1.17404
12.6998
-0.320244
5.67637
-0.382557
-0.506607
-0.380668
2.52995
3.45876
4.36321
5.58721
0.263533
0.851095
2.32468
1.47853
-0.534054
0.077724
-49.0786
-0.442646
0.151401
1.24592
0.181437
-0.297657
-0.227823
-20.6241
-0.513995
5.22067
0.432366
-0.10128
1.74101
-1.2656
-0.301053
-1.76492
0.0560759
-2.93413
1.33062
-1.7566
-0.0131005
-2.06494
1.81454
0.97414
6.19413
-1.0377
-1.56136
0.385411
9.24624
-0.904775
2.15731
2.94577
10.3109
-1.80257
0.355304
0.490682
-0.0271601
-0.802534
-0.649665
-0.965425
2.06791
0.747165
0.87246
0.404698
0.0439573
0.212697
-29.9142
-0.986357
2.90799
8.20435
-5.20488
-0.399306
0.249347
0.844335
2.57325
0.435694
0.529168
-0.363073
0.274689
-0.145149
-3.43428
-0.191889
0.762937
0.211863
1.93718
-2.59144
-0.71885
-0.793782
362.663
1.73621
-2.49596
-0.621473
31.73
-0.0425135
-1.26865
-6.35162
-14.5863
-1.86013
-1.59466
0.0236083
2.03453
0.425997
0.22346
-0.384865
-0.188965
-2.35433
-0.116298
-0.0433357
-1.12884
0.266876
2.58775
-0.961958
0.611017
0.281117
1.74459
-0.0545134
1.75625
-3.68921
-1.54238
0.438336
1.84691
0.0629023
-0.798373
-0.871559
-0.293324
0.702771
-0.489516
-0.167
-0.526769
1.08663
-2.57687
-1.26064
47.7611
-0.0302805
4.72694
0.966033
-2.02635
5.83579
0.456458
0.45672
-1.738
3.6941
0.83249
-0.0134527
1.67346
-0.459757
3.87914
-0.779811
0.427606
1.68156
1.38104
2.3176
1.69122
0.251075
2.08093
0.811558
4.52552
-6.51565
-3.71983
-0.83357
-0.986923
0.303902
0.351849
-119.877
-0.464513
15.7078
-0.360756
0.289835
0.249514
-0.399396
3.14398
-0.596266
-5.40707
-3.47835
-1.07567
-0.327642
-0.751437
-0.076291
-1.33574
-0.864242
-1.04742
-2.8246
-16.2011
-1.89561
5.01447
-1.11245
0.44451
0.468569
-1.89853
4.48276
-19.4039
-0.7336
-0.409086
-33.4321
1.03099
8.09876
0.843196
-1.96602
2.17916
-0.337724
-0.634143
-0.312591
2.8836
0.239518
-0.669913
-1.97896
-0.142498
-0.175769
4.27419
-1.13804
-0.257463
-0.402514
8.76018
-0.0126299
-4.9883
-1.08316
-1.4512
0.165404
0.455246
-27.7797
-0.0390002
-1.00022
-0.125379
1.14763
-0.562614
0.423809
-0.554057
-0.7198
-0.125686
0.0260735
-1.11215
-1.13282
1.44832
-4.75746
3.07998
-0.681242
0.944862
-1.15384
-2.40086
-5.81926
0.675123
5.55966
1.35954
-0.781153
-0.137713
11.2837
-0.943643
-5.33029
-0.554131
4.68998
4.53561
-1.05004
0.224446
1.52013
-0.437058
-0.358058
2.35739
1.48268
0.952214
0.357993
-2.32358
-2.81991
1.51746
-0.225816
1.00664
3.45024
-1.19327
2.38646
-4.94839
-0.77076
-5.81916
-0.0548643
-1.5595
-0.954954
-1.66478
0.275375
-19.7233
-0.90762
0.0106857
-0.838758
-0.849797
-1.19215
1.17387
-0.176966
-3.21411
-1.32208
-0.930147
2.61381
-111.592
0.124722
-0.109041
0.537779
0.562251
2.9908
-6.65565
0.89085
1.74906
0.121225
-0.444172
1.50848
-0.725594
3.02278
2.26676
3.08769
0.668298
-0.637404
-1.84272
10.2229
11.3738
7.59604
-0.229791
0.973109
-0.919907
-0.106756
-2.89268
0.061105
-9.63511
-1.7416
-2.9526
-0.618851
-1.25195
0.559617
-1.13562
1.27654
-1.19653
-0.626126
-0.327048
1.94789
0.671041
-0.707646
-3.99547
-79.3089
-4.58067
8.747
-0.983661
0.602317
0.967047
2.05208
-0.235769
0.178234
-1.08052
-0.529537
-0.797773
4.44399
3.36526
-0.739911
-0.46778
-4.7635
-1.04789
-0.0316687
-1.97715
-2.36421
0.57861
0.115026
0.569559
2.42375
0.693617
-1.43226
-0.0704235
-0.0438805
-2.28711
-2.1632
-1.37631
-3.48901
1.17249
0.095847
0.512454
1.72965
-1.06954
-2.44146
-5.67226
-1.02723
-33.5137
-6.26745
0.13009
-0.836247
3.87084
6.37033
0.463231
-2.92597
-0.00837947
-0.22634
0.933621
1.02231
-0.241175
-7.07762
0.262752
1.86177
1.83567
1.48703
-0.497922
1.41663
0.689998
0.0229303
-0.394819
-1.03816
0.771415
0.158607
-0.265906
1.02477
-12.8894
0.989508
13.4273
-1.90283
0.376943
-0.303897
-1.61359
0.108769
0.469932
3.60794
-1.46193
0.425404
2.96053
0.320992
-4.56728
-3.28714
0.784543
262.381
1.73821
1.1069
-2.99376
-0.554586
-3.28489
-0.581792
-0.324918
0.0245492
0.348675
-0.940899
-10.4915
0.597072
-0.193733
-33.8847
-5.05933
-0.190741
-0.00717951
-2.49591
0.0227606
0.270576
0.753882
37.7874
-0.519643
-1.27085
-0.955161
9.12942
0.632442
-0.340259
3.38309
0.196105
-1.47085
4.12388
1.07306
0.110989
-10.1195
-0.177904
0.0409221
-0.635602
1.94416
-3.54519
0.259966
5.51458
0.543808
-8.94117
-1.25515
-0.200762
-3.60049
0.313792
3.94719
-0.783797
-0.284597
-0.0369114
3.06453
0.710556
-0.574021
-0.625761
-1.16092
11.4887
-0.18891
3.99103
-0.771615
2.36525
-0.934713
-1.14635
-1.18517
-3.3016
-0.349938
-1.42829
-2.49
0.121933
0.117486
-0.309097
4.29874
1.8307
-5.15614
-3.89756
-0.353548
-0.353462
1.31378
1.27548
-1.0688
0.960569
0.383982
-0.312572
-1.17554
0.318618
1.03379
0.833262
-2.10956
-8.04754
0.927008
-0.261289
-1.89631
0.0780769
-0.362694
1.00345
-1.24903
-1.03461
3.27955
-1.28681
-0.73407
0.0880598
-0.0616791
-0.646126
-1.07653
-0.805044
4.96809
-0.50924
1.16549
-1.3935
0.162065
-2.45304
4.07269
-1.06552
-0.271855
-0.312844
26.5936
0.468002
-0.975946
-4.47818
0.112214
3.84882
-2.93677
-1.32383
6.60791
10.7258
-0.146097
0.709765
-4.35692
-11.1678
0.442372
-4.15221
0.581435
-0.800282
-3.23934
-41.9186
7.18766
1.00581
1.38767
-0.64295
1.19767
1.32622
0.463828
-0.00420498
1.30587
18.2048
0.708281
0.0466213
-1.37965
1.34402
-0.479675
-12.3002
0.362943
-0.410264
-0.141222
-2.29679
-1.22378
-0.0465581
-2.58852
6.86334
-0.950132
0.592809
-17.4828
-57.9064
0.668476
-0.317857
-0.470612
0.914251
-3.49054
0.158255
-0.100936
-1.28532
-0.471263
0.239805
196.545
0.90129
10.7333
-0.0415692
0.631776
0.472712
-2.14548
-5.0178
0.50882
0.681402
0.957624
0.532158
2.91005
0.0726938
-3.20581
0.893112
-1.18823
1.30806
0.954405
-3.13225
0.248508
1.18259
-0.154749
0.494717
-1.02646
0.882163
1.09624
1.64321
-0.22477
1.8534
-0.340874
-0.234608
0.0776751
0.268768
4.6921
0.0193917
1.42291
-1.06213
0.456962
-0.405358
0.792726
0.677148
-0.58774
1.16004
3.90377
0.550068
1.69609
-15.663
-1.27718
5.63
7.81574
-9.98137
-1.12589
3.34995
0.711363
26.7613
-0.244813
-1.30701
0.394862
2.6165
-2.18017
-0.122029
0.0944209
8.04247
2.20823
0.471563
0.444451
-10.2452
1.11467
1.12926
-4.75621
0.00231775
1.93886
2.66965
13.4828
0.416072
-11.8286
0.922252
-1.25284
-0.937872
0.210915
-4.4559
-0.485632
0.469232
-0.778066
-2.94905
-10.3513
-4.29593
-1.04843
0.09342
-13.3303
1.73251
-1.61859
0.312267
-0.0591083
5.18727
0.994671
-2.73645
0.811188
-0.482419
0.716105
2.38328
-6.86007
1.72636
0.202128
0.855794
-79.9425
3.77699
0.767617
-0.518706
-88.8439
0.370076
-0.848785
0.351554
0.0804197
1.13287
-3.63293
7.40288
-0.473792
-2.16665
18.8929
-0.0432696
-2.10921
0.174783
-0.5276
3.7678
1.44229
3.05833
1.88467
-0.0440219
1.64271
-1.17546
-0.00652144
-0.529859
2.02461
-1.58084
1.81552
-1.25319
-0.664584
3.72883
2.08439
-0.0934322
-0.790129
1.75528
-0.609983
303.06
4.22406
0.988045
-0.965714
3.1754
0.104582
-0.414534
-0.382188
0.820283
1.64255
21.6522
0.428697
-3.03726
-2.24766
10.2227
-2.32332
-3.90636
18.9857
-11.4591
-0.641115
1.72103
0.15742
-0.119306
-1.70227
0.10167
0.222011
-15.4329
0.207137
8.78899
1.59325
-0.631846
-1.30491
-0.695243
-1.51552
0.987079
0.58798
-0.202236
-1.35251
0.938333
-0.191873
-0.876853
-0.480056
0.839769
-4.50361
0.751603
1.85217
2.55328
1.30476
-0.107126
-4.70157
-3.25069
-1.48081
-0.669454
1.48614
-0.418386
-0.450338
-0.856469
0.875943
-1.95931
-0.652921
0.224859
-0.613516
1.75095
-0.124803
-1.30275
49.774
0.882925
-45.8824
0.280561
2.58378
-1.33949
-0.0747885
-0.854044
-46.445
6.66374
0.128427
-6.4463
-1.18186
-1.54854
0.526413
1.26832
-0.441034
-8.31086
1.32828
-0.658312
-0.0572606
15.9206
-1.97635
-0.589992
3.09699
7.89502
0.276293
-0.238535
0.889929
5.90799
-1.18403
-0.409289
0.245933
6.80407
23.8696
0.503682
-1.14186
-0.14463
-0.0134217
1.13425
-0.184304
0.712477
-0.271889
-2.93266
-3.7629
0.457234
-2.56951
6.52662
-1.08933
-1.65439
-0.320077
3.44396
1.62821
-0.90975
0.01902
-0.35407
0.137855
2.30245
1.74861
-4.04638
-0.294259
-1.89436
1.61256
-1.07495
1.08271
-5.77292
-1.0751
-1.70576
0.0871032
-8.82307
1.349
0.519231
10.1011
-0.402394
-2.2057
-0.348237
1.51887
1.60687
0.448374
0.769344
1.48871
-30.0147
4.54437
-0.153983
-0.0198145
0.409334
1.5585
-3.20274
-289.927
3.73359
3.04184
-26.6175
-0.573206
0.769254
-0.395371
-2.44995
0.425646
0.722091
1.66583
-1.40529
-0.353651
5.51895
2.28574
1.06919
0.347117
0.761716
0.620694
2.80999
4.86769
4.5794
0.702591
0.370429
1.80367
1.54624
-1.54486
-4.14004
-1.28125
-0.735282
1.1354
1.40363
-0.435162
-0.228463
1.22892
0.676158
-1.11432
-2.36434
-0.205336
1.26491
0.904387
1.40198
-0.231397
1.26983
0.598957
0.517911
0.180039
-3.3908
-230.354
2.80961
3.67781
5.40824
-4.11285
1.01987
-0.503412
2.22627
0.228552
-1.02139
-1.33381
8.23805
-1.85873
1.06822
-12.445
456.988
0.742399
0.0460476
1.90946
-3.7511
0.618002
-0.29151
0.348154
-0.61881
5.83686
-0.621086
-2.16813
1.09624
0.242045
0.33542
0.0112097
-1.97725
-1.63644
-1.80448
2.80042
-1.60413
-0.204675
2.17867
-0.979522
-7.50075
1.06889
-7.73759
1.49916
-0.517482
-4.3303
-7.96012
0.638893
-0.536916
0.183412
-0.39549
-0.339911
0.888837
-2.07382
5.55881
-0.923441
-0.133653
1.82864
0.398364
6.79815
0.939549
-1525.5
-2.45168
2.17403
-0.227178
-2.89097
0.395547
9.72049
-0.166519
0.722849
-139.807
-1.28003
0.732428
0.874242
1.40286
-0.947852
-0.695989
-4.63422
68.7926
-0.0296216
-0.565807
2.21097
-0.131116
0.575462
-0.752997
-8.06988
-2.85495
-1.17238
-1.20509
0.719987
-0.35446
2.62397
-0.34686
-4.23245
1.36836
-0.797981
-10.1358
-1.89026
-0.28764
2.92876
1.0316
-0.285764
0.521502
-0.805322
2.45027
0.0961846
1.79321
-6.89719
-0.858684
-1.98322
0.110277
2.21267
0.433187
-2.0107
-0.449633
-1.29753
0.396906
0.634978
0.223724
-0.0323645
-39.6155
-3.78051
-1.6958
0.807544
-37.6222
3.41171
-0.769729
-1.55586
-0.289771
-0.652244
-1.32143
1.12761
-1.36904
1.52449
1.4657
-0.359064
-0.149613
-1.38121
-4.65407
2.92375
-0.534228
-0.163845
1.19416
0.482895
9.59822
-4.74915
0.603419
0.60559
-0.650428
-1.11543
-0.807859
13.4595
-13.9477
-391.775
-0.328367
-0.226872
-0.913378
0.216167
0.310272
-0.977768
-0.975944
-0.67144
-19.5335
2.64552
4.90716
-1.96713
5.624
-0.193653
-0.251094
-3.90759
-32.506
2.06594
-0.672736
-1.66716
-1.75305
0.467705
1.00213
-0.684886
0.00737394
26.7185
1.72235
0.39447
-1.66395
-0.743197
-3.15801
0.549687
-4.02481
-0.963576
-0.772919
-1.10187
1.00769
-0.71293
-0.00510585
0.0632494
-0.640034
-0.0111459
-2.49347
-0.293389
-1.70241
30.6695
-13.004
-1.03343
1.76201
0.228592
-0.0561437
-0.981307
0.0338889
7.99951
-0.993769
1.44674
5.29895
5.40744
-6.52538
-0.382596
0.0507963
0.152962
3.17433
1.3648
10.4424
-0.339667
12.3568
0.341277
31.2156
-0.668647
-0.0814089
0.930563
0.026418
-0.0993958
2.93499
0.200768
0.303186
-0.222465
1.16188
-240.471
-0.0307518
0.647665
-1.11261
0.822784
-66.883
-3.06985
-0.17622
-0.742393
-0.861297
-1.80803
-0.430306
0.0416862
-9.98137
-2.24432
0.113771
0.364049
-0.359389
-0.426026
0.0905601
-0.0633274
-0.571295
1.37615
-1.52078
1.24175
0.578282
1.68985
-0.510219
-1.08436
2.43408
0.648992
-0.467512
-0.0636895
2.70049
-0.348784
-0.570222
1.13497
-1.88395
1.41828
-0.0572127
-1.31663
-7.51859
-0.0433398
-0.56079
-1.14353
0.494792
0.317696
-0.0169889
-0.971025
0.185749
-8.0656
-0.644094
0.245603
0.481431
-0.170842
0.832364
4.43717
0.522195
-1.17328
0.0394571
2.04339
10.6184
-0.219246
-0.178924
-0.679518
-1.65739
-1.67622
-10.0538
0.209753
0.634649
0.77938
1.31402
2.8352
3.72295
0.993262
0.881494
0.880844
9.78676
-0.0120318
-10.2178
5.64619
0.0701518
-1.0546
5.18738
0.142897
-3.37314
69.3116
1.39094
-1.645
0.0443303
-0.933022
-0.5523
-1.05256
-4.47992
2.29288
-0.636784
-0.38247
-5.17011
0.352466
2.42455
0.858936
-0.546464
1.07142
1.60894
-1.41234
-0.34878
5.56469
-1.43375
3.22246
-0.157815
-0.83563
2.81879
0.439981
0.52022
-2.65507
0.209122
-1.3861
-2.68329
-0.220605
-0.141717
-0.502018
-1.24676
1.06153
0.788906
0.664874
0.97691
13.8852
-0.0654837
0.736565
-1.08872
-0.258562
-0.617965
0.125741
0.853809
-0.366259
-0.320136
-0.501251
-0.677919
1.37374
-0.44894
86.1458
-0.965635
-1.36072
-0.202476
-0.862648
0.769222
-7.8781
0.132741
7.11613
1.15475
-0.24898
1.67309
-4.07829
0.688383
3.0511
-0.165062
-0.0982001
-0.822014
-0.637074
-7.1042
-0.68045
1.71569
0.325097
-3.43684
2.72802
10.9023
-0.0746096
0.961028
-1.21216
-1.5291
1.02565
0.0293753
-1.07983
1.45698
-0.91372
-2.04654
0.632045
-0.0860933
-1.02112
-1.04178
-0.0362034
0.291654
-6.63376
-2.30578
0.0594344
-1.19933
-0.9245
-0.684394
1.84801
-1.41968
-0.452167
-3.4979
-0.656881
11.2687
0.837829
-0.969589
2.40848
-0.192062
-3.33297
-3.59711
2.0737
-0.446574
-0.645102
0.547451
-0.195216
-6.50992
-1.77236
0.00035213
6.81371
7.12179
-5.29565
-1.48436
0.288934
1.49216
1.27058
0.761187
-13.3631
-2.68712
1.19536
-10.693
-0.0554729
12.2979
-0.586134
1.80637
61.4141
-0.366496
-0.378056
-2.24055
-1.69511
-0.586022
78.7886
6.8877
-0.222823
-16.5342
1.87813
-0.867705
0.123638
-0.40943
-0.844317
-0.933151
0.0518309
-1.6536
1.36472
-0.283572
-1.04827
-2.44687
1.33308
-0.983199
0.19447
0.849318
0.202028
-0.530898
-0.343893
21.7131
0.170878
1.08895
25.0241
-2.85618
1.50619
3.16591
-4.95617
-1.01771
3.64409
-5.18953
-0.13577
3.6664
0.707394
-0.373462
-2.45711
-0.745577
0.577711
-2.71414
0.800568
-0.0264568
-0.605874
-3.30969
3.34799
1.46364
-0.20559
-1.97215
-23.5329
1.26427
0.562847
-11.7668
-0.819656
0.305407
-0.408658
0.122398
0.219907
-1.33067
0.334221
18.5695
-1.12268
0.712783
0.33284
1.83484
-0.368962
-5.92312
1.44594
-0.794516
2.81129
1.01733
-2.80489
0.731592
-17.9436
0.140422
-1.05176
-0.171772
-18.7645
-0.478988
-2.98493
5.49501
-0.729564
-4.73418
0.675769
4.77353
-0.422313
-0.0809116
0.211835
3.1395
-17.4475
0.451413
0.370476
-1.55875
-1.27831
0.163789
0.561393
0.392341
0.0633426
-3.1873
0.503492
0.639761
-3.18467
-1.75841
-2.05864
-5.87777
1.3536
0.82179
0.849077
2.14437
0.638228
0.0382067
-0.684965
6.16586
-0.58139
-0.591441
-0.483367
-5.05793
0.80593
-2.74277
-0.983003
-0.379155
-4.79827
-2.45073
-25.7079
0.295184
0.28146
-0.189337
-1.92836
-0.311371
-0.972618
0.441427
0.275373
-0.379119
5.33611
-1.94305
-1.93867
-0.406188
0.715484
-1.25986
-12.9062
-0.667122
0.342531
1.09828
-7.19617
59.5821
1.53945
0.483486
3.8911
0.345037
4.27229
0.0156049
-0.367448
4.53347
-0.231334
-2.16626
-0.100203
-1.0149
2.78779
-3.25049
6.56607
-0.617956
0.629329
-1.01371
0.474253
0.0196585
4.4483
7.37783
-0.157806
-1.0468
0.27843
0.569785
0.353386
-18.4132
-1.21498
-0.729675
-0.277609
-0.771253
2.47695
18.0597
0.0183146
-10.8926
-0.316474
-4.86621
0.899795
-0.33835
-0.221621
4.1019
-0.0427487
0.137332
-1.32693
0.461206
3.68404
0.675813
-0.0160327
-0.2183
0.514101
-1.97235
-1.46304
0.222094
-0.263531
-1.93812
-3.22635
-0.527272
5.32288
-0.497394
-20.138
-0.411848
0.151356
-0.198223
0.0961021
-1.71484
-0.52441
-2.08788
52.0454
0.725873
-0.443317
4.50834
0.804564
0.374707
3.06926
-0.317127
-0.0245538
1.51896
1.29641
0.680726
-0.840159
-0.768801
1.60922
0.385902
1.02576
0.104888
0.465278
-0.047932
0.978276
4.63586
4.35964
-8.54987
-3.06613
-1.78927
1.22205
0.202271
16.4786
-2.51506
3.3918
-1.51641
-2.11741
-2.82606
0.814566
-1.03681
-9.50092
-0.307951
0.0138479
-1.30081
0.374891
-1.61486
3.54578
0.865165
-4.41186
-3.28797
0.674205
-2.37606
1.28186
-0.128929
-4.48285
1.74617
0.551747
1.88051
-1148.62
0.187998
6.65096
-25.1835
-2.68814
0.312101
1.10169
-0.211529
4.19576
4.08225
-0.111506
-0.962097
-2.595
1.03893
-2.46881
1.42942
1.88737
-0.0107467
-3.81122
-1.36633
0.594035
-0.424809
-0.633296
0.414247
-0.127651
-10.467
1.44287
-1.14028
-1.09343
0.82351
2.07023
-1.93547
1.90545
2.40675
-0.332192
-1.49537
4.62145
0.582101
0.865449
-0.879189
-0.62942
0.964883
1.66986
-5.58922
2.57312
0.412173
0.613738
7.45561
-2.001
-0.339343
0.0110836
-0.453756
1.00923
9.43934
-2.12515
-0.43659
1.18433
0.141526
1.59242
2.94366
-0.182608
0.642092
-2.21084
-5.78264
1.34622
-0.492391
1.29985
-14.0805
-14.6313
0.512257
1.62963
0.249246
-8.21347
1.12385
1.94882
-1.06107
3.64657
0.555841
-0.366374
-14.19
-0.317584
1.76544
1.00371
-1.88755
-1.93388
1.92345
3.76207
0.0305395
2.17187
29.0599
-0.0917213
-0.841221
-18.6167
1.12234
0.143834
4.59261
2.0436
42.5505
-0.290214
0.127002
1.7665
1.67107
1.21558
0.403945
1.08685
9.15666
2.50268
-0.232844
1.68787
-2.31417
-3.08698
0.479242
0.298946
0.0248687
1.69227
-9.04874
9.72394
-1.28419
-0.986741
1.00756
-4.56263
0.0919727
-3.01543
-1.00767
0.224149
-0.348202
-0.184375
8.23004
-0.405654
2.36322
-5.28261
0.0273064
-6.42426
0.714903
0.202506
1.90236
0.146659
-0.846192
-0.182518
-0.380132
0.332724
-0.249162
-25.5622
-0.0973782
-4.16829
0.270492
-0.0913749
-0.529027
6.75073
0.337423
-1.1149
7.6252
1.60728
-0.220034
1.51038
0.864046
-0.81676
0.271479
-2.4185
-0.677879
-0.328458
2.79849
2.72902
5.71993
-0.402418
3.21451
0.755589
-7.3657
-0.608778
0.98564
-2.18317
-0.0359239
0.947645
0.411078
-127.137
1.09791
-2.8994
-1.41764
-0.25681
-1.87342
2.11305
-5.96848
-6.67425
0.392948
12.7289
1.58794
-0.115121
-0.503332
-1.27618
0.365118
-4.70471
2.88447
0.368542
0.924017
-0.274802
-4.97049
0.634422
-0.67723
-0.12556
2.04884
-0.522951
0.586556
38.3559
-0.402479
23.3896
7.65186
-22.3619
-4.36491
0.0512594
0.580468
-0.162191
-4.83398
0.121746
1.61463
4.59323
-2.41378
0.129823
7.00647
0.438793
2.17248
0.431527
212.243
0.857415
0.758091
36.1814
-2.18992
1.0999
0.588436
-0.631912
-1.39221
1.27666
0.293519
-0.0696238
0.832261
-0.764022
1.40155
0.0804721
-2.65143
0.129348
6.69223
0.118787
0.0374322
-4.32612
4.95533
1.67105
1.48977
-0.14922
2.39176
1.89005
47.2997
0.157398
-1.6769
-0.41392
3.79829
5.60603
0.845386
-4.93493
-0.543202
-2.47632
966.443
1.56858
0.32715
-1.48057
-0.47495
-0.221785
-2.28273
2.13733
0.579022
0.937789
-0.131197
-1.45456
1.40611
1.15263
-1.58298
14.0288
0.29353
-1.32624
0.225564
-2.35229
-1.4483
-5.21675
-0.792343
26.8236
-2.38566
-1.10443
10.0191
4.62533
-0.430023
1.74308
2.8473
-0.381765
-52.4245
1.09889
1.13397
-0.474037
0.0907859
2.34924
1.7827
1.37304
-0.874981
-0.0984998
-2.3941
-0.533763
0.888913
-0.649708
0.212917
-1.78071
-0.208403
-1.24335
9.69085
-0.39478
-4.01311
-1.98884
-1.72725
-2.91613
14.6235
-0.532138
-0.576971
1.83575
0.214993
-0.49448
0.418322
-9.14419
-3.63301
-50.1627
1.18628
0.69182
0.0241262
-0.1932
0.532614
0.712478
0.970435
1.38366
-708.765
2.57215
0.0318541
-11.5101
-0.803202
1.2955
-8.0526
0.606214
-0.0794338
1.69577
1.07558
-1.40519
-1.01715
-0.959258
0.111386
0.396245
-0.607742
3.75577
-0.56276
5.10192
6.05004
-1.1619
-0.966539
-2.62519
-1.04078
0.378626
1.79157
0.51634
-0.116133
-0.768882
0.633218
-0.373388
0.228487
-14.6791
0.323416
5.5407
0.638508
0.98508
0.567038
0.470621
-3.2342
4.05993
-3.3377
-1.87421
-1.14005
1.11219
-18.5242
-1.34494
-0.661768
-1.03289
28.8607
-8.85807
-0.471987
-4.46936
1.1656
-2.37837
-1.31072
1.02442
0.381964
0.830846
-0.391446
0.316916
6.46153
-0.858875
0.621535
-1.20312
-1.07577
1.91993
0.408731
3.77595
0.849208
-1.68656
3.77572
2.80762
0.942102
11.5654
-1.21959
0.552121
0.335802
5.02785
-11.7634
-4.11029
2.36581
0.946806
-1.02588
-2.11117
-1.31059
0.137113
-2.51972
5.55612
-1.12393
-0.947741
11.0628
-0.0151974
0.957487
-0.868926
-2.34665
-1.62817
0.348955
20.1053
-7.87711
-1.73935
-1.34734
1.76945
-0.703909
-5.87556
-1.21363
-2.45433
0.15407
-0.489093
0.615598
2.17303
-0.999254
0.959801
0.719526
8.24104
3.78404
-1.46974
5.09528
0.41683
14.887
-4.59071
-0.240757
2.67191
-0.201777
1.17088
1.08059
1.70441
-1.22851
3.15057
-5.275
4.0415
-1.23813
-9.23228
-22.8731
-14.5584
0.817291
-0.151608
0.894653
0.145026
-2.7573
-0.65752
1.06015
0.926375
2.96665
-1.79377
-0.21826
-1.15764
3.62325
-4.33338
-2.42027
5.86695
0.282539
0.946238
0.583623
0.925708
1.71673
0.508192
0.510968
-0.156938
-2.81249
3.32427
-0.227514
0.213519
1.96609
-2.04024
-0.723373
43.4207
-1.67569
1.58179
1.76291
10.514
-1.43861
0.569257
-1.88991
0.268219
-0.11077
3.58994
1.03179
-1.93887
0.198445
2.50814
-3.04874
-1.19951
7.38179
1.53804
2.20023
2.24138
-0.81632
0.842374
0.291888
0.360662
-2.74955
-0.195203
-0.333892
-0.652005
2.25716
-0.639444
0.678469
0.930136
-0.642226
2.86044
4.1218
0.485305
1.67483
1.11035
-0.886076
-1.00635
2.50771
3.93087
-2.97136
0.139423
1.32196
-0.78069
-1.17502
-0.274759
1.70425
0.940618
-0.446666
0.143706
-1.3248
-0.255324
-2.79264
-1.1777
1.74787
1.6822
5.56162
-0.420143
32.8979
-0.318111
-0.0506132
0.287424
-1.64106
-6.87872
0.112203
-0.117045
0.497657
1.03471
0.46873
-83.7958
0.782566
0.745128
-0.899409
-1.76971
-1.20262
-2.47013
-1.70508
-2.61254
-0.511
0.917269
-0.640647
-0.0954502
0.161118
2.58448
-4.1147
0.385831
-1.13546
3.91862
2.01452
-1.35142
-4.51674
1.41459
1.39814
0.338488
-0.0991128
-0.839248
-0.0748225
-0.0198919
-1.07159
-8.70152
0.525684
-1.95059
1.25985
-1.16716
0.208557
-2.3705
-0.0999325
-2.70798
0.554304
-1.44217
1.87242
1.66334
-0.647758
2.04513
-9.28576
-0.652343
2.8393
-11.8998
0.0291194
0.240637
-0.692148
-2.23154
-1.71577
0.990163
0.575966
0.908684
0.438692
0.0717759
1.11385
3.0077
-12.2947
0.960829
9.6969
0.567
-1.67807
-0.632841
0.302303
8.45916
1.10111
2.6322
0.569974
0.788989
1.08922
0.70211
-0.361212
-0.200853
-0.356243
1.45919
2.60169
0.417611
6.58283
-0.85017
0.104606
-2.59927
-0.296566
-1.12497
-10.7143
1.0817
-0.278998
-0.714258
-0.291739
-0.972892
0.458658
-1.83094
0.362772
1.96853
0.140328
0.782588
0.108337
-0.664778
1.31643
-2.03264
-36.0601
-2.07514
0.925894
-0.437045
-0.734652
-0.452282
0.440665
0.338721
2.51004
-4.32676
0.294985
1.44923
0.100889
0.405324
0.233675
0.697184
1.0299
-50.2899
-2.20102
0.78636
11.3371
-0.826989
1.33664
-3.32209
1.36937
-9.79028
6.56622
0.364092
-6.85752
-0.783878
1.3079
-3.53263
-0.125877
1.60463
1.11856
1.07306
-1.82
300.345
-0.690811
1.76549
71.0164
0.250955
1.24606
-10.5952
2.3749
0.702563
-0.105281
-0.312086
0.107085
1.44648
0.246202
0.95495
77.8728
6.10746
0.789281
-1.17082
-0.217168
-0.953143
5.44183
3.45199
0.809033
-0.116677
4.19481
-3628.03
-1.04018
0.757107
0.17026
-10.7892
-0.365735
0.333536
1.20754
0.864058
0.343178
0.0184977
0.579943
0.881432
0.190741
-1.97298
-9.83432
0.154064
1.04145
1.25222
-0.03516
5.25807
-1.18109
-46.6426
26.3923
-0.304865
-0.778442
-10.8788
-3.60205
6.40223
-3.47344
0.0833207
3.12108
-3.37593
-49.8022
-0.385269
6.70839
1.19617
7.31283
4.70017
0.0116118
-1.03912
0.03072
-0.0477156
-0.0400815
0.210313
9.32341
3.8929
-1.14434
-7.89371
-0.635523
2.28401
0.987832
-0.325885
0.490665
2.86321
-16.8524
3.93254
4.20426
-5.19874
2.52237
2.66241
-0.941023
0.2527
2.0036
0.084383
-1.16016
-0.441157
0.230643
-3.1529
15.5542
0.904114
-0.659994
-1.22277
-0.71199
-5.86621
1.63054
-3.27056
1.83059
0.177738
0.562875
-11.2049
-0.369407
-3.17388
-2.15404
-3.2181
-0.44746
-6.4768
3.7868
0.7927
-0.968357
-5.88879
-11.0121
0.414531
-7.60552
-4.10271
-0.07853
0.591832
-4.56445
0.579714
-0.0253278
-0.205266
0.380756
-2.5134
0.843605
4.10438
4.57629
1.63409
0.697852
2.61294
-0.369946
2.22848
19.8754
-2.34562
-3.40317
-1.37282
1.11193
0.155669
-0.750444
0.442716
4.96572
0.224865
1.7613
0.00124438
-2.60679
-0.442572
0.745433
-0.243259
-0.250191
0.135745
0.654459
0.388683
-2.43841
-0.692812
-0.766501
2.2918
-1.19941
-2.55584
-0.159953
-1.64488
0.081702
0.79201
-0.29904
0.773297
-11.0041
-0.484401
-1.58992
5.96676
-2.70165
1.66728
0.519889
0.43841
-0.325905
-0.89493
1.90787
0.0257881
0.53012
0.809797
-0.840586
-1.21028
7.53177
-0.0291477
7.45096
284.138
-1.36805
1.82746
-1.03291
0.328988
0.295231
0.142193
10.5316
-0.163592
-8.47921
2.11823
0.0667353
5.32453
0.895874
1.19723
0.353495
-0.884347
0.772116
2.70708
-0.730333
-0.433728
-2.06911
0.619391
1.07074
0.500379
0.0583372
-0.372766
-0.213975
-2.08113
2.31029
-5.14549
0.700959
-0.268704
3.08731
-1.8466
-0.372203
2.27105
-1.15789
2.83449
1.46994
0.757636
15.5151
-0.102569
-0.150751
-0.0116127
1.30457
2.27678
-3.66096
-1.81663
-0.135048
-1.04875
2.63236
-0.265445
-0.111195
1.71535
0.80667
1.63136
1.05936
-0.0354319
4.33279
-0.0237915
0.45499
-3.31804
-0.929279
8.81011
-3.09975
0.297956
-0.0398568
-2.27005
-0.131943
-1.21299
1.72049
11.8482
1.14373
-45.3006
-0.369051
0.444428
-3.51475
0.24705
0.146385
-0.53712
0.233971
15.1292
1.53304
2.97467
0.250003
8.1288
0.242657
-1.60977
1.44194
-0.291842
0.414591
-0.404673
1.98785
-18.057
0.572144
-1.90095
1.09267
0.940043
0.635679
0.503239
2.76024
1.8318
18.4238
-13.3107
-21.403
1.54686
-0.312689
-0.651165
2.28388
-2.65764
0.29286
0.81529
-1.70745
-3.09971
-6.39648
-1.50099
0.248031
-0.0873891
0.68013
31.9679
-6.13064
-0.879875
-3.83206
0.159342
3.66873
-0.441529
-3.88887
-2.42705
-0.0922316
-0.501997
-0.795734
-1.04329
0.932743
0.589164
-15.7781
0.673318
2.88579
0.912483
9.52303
1.02009
0.650903
-0.190928
1.99189
0.245017
-0.114954
-1.33893
0.713893
-11.3706
3.42087
3.30113
-0.509528
0.47991
1.4359
12.415
0.7501
2.80115
10.4738
0.00356283
1.57153
-2.60306
-5.26133
-5.70186
7.52789
39.157
-1.45572
-13.6598
-0.173766
0.64266
-0.14368
1.48795
0.00284894
-4.04762
-3.7016
-0.111197
-0.639689
0.310785
0.43856
0.03344
-0.124906
-15.0831
-0.500635
1.92781
4.98425
0.222156
0.538882
1.83269
-0.0452379
0.127513
-2.99839
0.105314
1.03083
-1.1324
-0.245975
3.74059
-2.01022
1.32691
1.03966
2.85183
0.404699
6.90934
1.13618
-2.76486
-11.7336
-1.58549
-4.20733
9.32706
0.327499
0.328613
-0.835333
-1.32399
2.46094
0.0964478
0.00794741
1.3443
1.12265
-0.97851
-1.44871
1.61706
-0.757762
0.642513
1.4129
-0.0592838
-1.6151
-0.167029
-0.242478
1.8032
2.70514
1.96954
0.439711
0.582743
-3.15617
0.220193
25.6075
0.317098
2.35989
0.671782
-0.612283
-1.2838
-2.17091
-2.96887
0.17041
-2.17553
-0.343489
17.268
1.14091
-155.465
0.462089
-1.09947
-2.65216
-0.653848
0.992451
10.3596
0.647884
0.385992
-2.98048
4.69686
6.32891
1.30292
3.16496
-10.0089
-3.79283
-0.598867
-2.73019
-3.05803
-0.960697
-2.68302
-0.1574
-3.06258
-2.0799
-0.771745
-0.489857
0.36798
2.89886
1.7806
-0.938354
0.181495
2.64011
-0.953632
-6.20902
-1.96594
0.937442
0.128033
0.553937
0.348269
-0.189049
-8.68778
-9.25494
0.357427
-3.16678
2.58812
-9.96519
-1.9114
1.53561
-3.3989
-0.686145
0.183624
0.133258
-0.219664
-2.77286
-5.69095
-1.41282
-1.69234
1.11359
0.823751
-0.31955
2.66745
-1.12228
-0.755688
3.03574
0.52787
-1.87083
1.27324
2.36325
0.0921181
-7.90056
-4.28874
-3.04739
-0.216446
-1.96746
403.078
-0.0303081
-0.934606
13.2508
-2.05458
-0.397267
0.0728459
0.466519
1.68594
-0.628873
-0.318633
-5.43338
1.08022
-111.904
-0.191028
-15.2429
7.40716
1.98141
0.353338
-2.76556
0.244849
0.792792
-0.728122
-0.424081
-1.60922
-4.4216
0.647407
0.618319
-0.00697087
0.00388047
-3.71107
6.67965
-0.51257
0.894508
2.07383
-0.451734
-2.67377
0.159525
-2.72759
-0.127479
0.528463
-1.83129
-1.51723
-0.522927
0.23666
-1.66759
1.28461
2.74563
-0.219937
-0.567737
-2.85862
-3.35057
-11.0932
-3.0295
35.8354
0.768521
0.666143
-0.783945
3.96939
-0.769415
0.655466
-8.30585
-5.66486
-0.47123
-14.9244
29.2865
8.09186
-2.05204
-0.631703
0.968366
-0.736745
1.6645
-2.6497
-1.68306
0.215936
5.01924
0.772171
-0.308871
-1.54718
-1.32506
-1.18395
0.123683
0.446846
5.27684
1.42791
-1.05097
2.07717
1.23048
-1.79378
3.18165
-0.261955
-0.944441
1.22809
0.603434
0.346251
-1.09674
-1.8195
0.75744
0.443656
-0.809611
-8.92369
-0.22035
10.1158
33.7602
0.512483
-0.4531
-0.462786
1.70033
-2.43534
-0.979479
0.995101
1.00674
0.231201
0.49528
-0.765005
14.0903
-0.815771
1.08151
7.01158
0.105131
-4.38967
-2.38036
3.97842
3.00663
0.344244
-1.4364
1.45491
-0.428644
0.44258
-0.131339
6.72109
1.39812
-0.697159
0.153405
-0.281529
-4.46317
0.332712
2.30118
3.0397
-0.891373
0.0950778
0.462494
-0.376664
-4.10253
1.63009
2.59578
-3.8556
3.04554
-2.10205
-0.786661
1.69133
0.421389
0.669969
1.3535
0.547243
-0.587184
0.333191
0.917333
-0.391004
3.52241
-1.04353
4.56308
-2.93504
-2.50404
0.39209
5.06777
0.909592
5.63355
-0.87293
-7.29282
0.323729
-74.4205
0.203364
-2.51747
-4.79563
-0.841586
-1.80849
0.677179
-0.881693
-0.302444
2.11911
-0.00322771
-8.37884
0.195617
-0.790549
0.179944
1.7333
3.89779
-0.086174
0.199283
0.89609
-1.16267
-1.21417
-8.43868
-0.751659
0.861496
-0.130066
1.18914
0.900204
-0.631026
0.0315068
-0.10864
0.462032
0.50303
-3.02957
4.96811
2.21484
0.797636
-3.35062
0.0882059
-2.64704
0.553244
0.298198
0.714861
0.413234
-0.11231
-0.431059
-0.30306
0.712643
-0.901631
-0.215242
-3.20908
-1.28197
-1.20053
11.6149
-1.76388
0.035189
-1.78884
1.12466
-12.1332
-1.09565
-29.5979
1.66918
1.48957
0.654762
-4.0157
0.850739
1.26712
0.699364
0.606096
0.916836
-0.628121
3.25142
0.178663
-0.139924
2.50983
0.227634
0.277618
3.55918
0.513247
-1.21116
1.24362
-2.33794
-1.23802
0.226267
-2.92572
-2.24729
0.170166
-2.69679
-0.559372
-0.697571
2.46194
2.99395
-0.35152
-10.765
0.367246
0.949354
3.8934
-0.583128
-0.381031
0.955925
13.553
2.11431
0.0815523
-0.515295
1.51771
-1.29141
-0.65661
-1.41952
-0.0332567
0.441644
-1.19688
-0.562337
1.87509
-1.37225
1.46958
0.501108
0.298377
2.06973
1.54799
-0.939777
-1.86988
3.06216
-1.2327
-0.119442
-4.22391
-0.44307
2.80023
-5.25293
-2.87395
3.18569
1.04323
0.452555
0.111006
0.717969
1.75792
-0.755274
3.05997
-0.563608
0.468597
0.0540707
4.66746
-0.803283
-0.385929
1.26504
-0.0487723
-0.0287885
0.258754
-1.03693
0.181381
-0.306995
0.26463
-1.62706
-0.106067
0.331478
-3.31985
-0.0623315
1.00209
-1.1695
0.683485
-2.08423
-0.0124499
-0.302178
-0.653772
-0.737835
1.96268
0.161716
0.0625948
1.267
1.00996
0.0630769
-0.165548
0.272033
-0.155457
15.3509
1.6033
0.104398
0.715415
3.26633
-2.60266
-1.16328
-2.33566
-203.56
-0.8823
-1.01677
-0.590376
0.95977
-1.46987
-0.0311246
-0.969252
-0.628756
-0.0659588
1.76312
0.216186
2.10255
0.607012
0.11033
-0.140577
-2.0542
-0.338626
-0.11414
-0.535839
0.0677947
-0.324768
1.05983
0.428266
0.0673685
-2.42383
1.14086
-0.815654
3.90488
-1.241
1.70426
-1.09897
7.42136
-38.8405
8.63189
0.377891
2.59196
-0.668057
0.552467
1.44906
-0.205818
-0.205161
0.0177658
-1.50929
0.0970214
-1.17469
-0.636627
-0.678144
