-0.557925
1.3692
0.814769
-1.01559
3.25149
5.42728
0.0226602
0.177551
0.669053
-1.73475
1.35547
1.65717
-0.00119274
-1.62627
0.768591
-0.302144
0.905347
1.63177
-0.810728
-1.66967
0.0786494
0.286315
0.117015
-0.169462
-8.38024
-1.07105
-0.653314
1.28859
-0.872638
-1.1021
-6.35847
-1.02205
4.13077
-0.839102
0.0834201
-1.50355
0.442886
-6.67515
-0.559746
3.24086
0.305226
4.75497
-0.0185686
4.93353
-3.82064
-2.39457
-0.663913
7.01609
-0.278362
0.139728
0.222352
1.11008
0.306115
-0.407127
-0.310987
0.142808
-6.41669
-1.28216
0.150002
-0.100221
0.110333
2.07063
-0.308729
-0.87587
-0.563295
-2.03436
-0.766426
-0.20603
3.00178
-0.925576
-2.26048
2.51344
-0.938929
2.08763
1.93375
-0.225145
-0.858583
-16.8745
-6.63144
0.741217
0.757551
1.10111
-0.0709502
-11.3408
0.494594
-1.00573
12.8546
-7.73722
0.70836
-0.680339
2.74564
-36.0981
2.89477
-0.18407
0.523875
-1.7646
3.16575
-0.226538
-0.301538
-2.02031
0.104672
2.17857
-1.96536
2.97371
-1.49158
1.03713
-3.16262
1.83883
25.3075
9.08856
0.564679
-0.302752
0.0869751
-2.03608
18.0096
3.50172
-0.480693
-1.7536
0.0459699
-49.7099
0.135349
4.54976
-1.04102
1.04955
0.886922
1.51395
-1.2258
4.09936
1.89513
0.754323
0.182951
-2.57241
0.959986
-2.63334
-3.84848
6.82251
1.72762
6.11001
-1.02587
-3.27187
0.0746037
-3.75197
0.0681566
-2.92353
-0.25918
0.688881
-3.85197
-0.896453
0.78131
0.371914
1.31339
0.138498
-0.485831
-1.89627
0.436841
5.02528
3.19736
-0.698946
-0.31945
2.75288
0.418742
-1.02116
1.86427
0.101385
-196.957
0.874764
-0.273856
-0.966754
-0.407401
-0.540167
4.98601
0.823167
0.427249
-0.0567779
-0.524637
1.14697
-0.129194
3.56752
0.234869
-0.961217
0.605262
2.07674
-4.69777
-1.24142
126.008
-0.659555
-0.728758
-0.161008
2.06745
5.59233
4.46938
1.99835
-1.14992
0.547905
-0.0614894
-18.0578
2.49774
0.487859
-2.02243
2.73247
0.256408
-0.922684
-0.297099
-0.791742
-0.643519
17.5067
-1.21412
-0.848784
-0.735514
-0.368166
3.00151
1.66985
2.78889
-0.851351
-2.7099
5.82271
0.509318
31.4679
-0.910431
-1.75972
-0.436928
-0.425134
-1.04688
-3.23558
0.80027
0.250796
0.483904
-0.797423
0.348443
-3.16181
-0.00114365
6.00023
-0.6911
-1.08115
5.78012
-0.647961
-0.649992
-0.208165
-0.604547
-0.56252
-0.4417
-0.312597
-2.18414
1.64669
5.84367
-3.14056
-0.348273
0.664968
-0.489351
0.258902
-7.22118
5.30636
1.31729
-1.4412
-2.12561
1.33242
-1.00675
0.955746
0.444226
0.779523
-0.0439321
-0.675085
0.383256
0.033449
1.79241
0.527804
-1.32997
7.12644
1.66776
0.170832
-2.1597
-2.96693
0.87069
2.76117
2.39216
-0.216028
3.62067
-0.500208
-0.0425962
-2.45217
-0.990529
1.26733
-2.98497
-0.284332
0.204056
-4.63611
0.328761
3.00889
-0.626413
2.12886
-0.331625
-0.461736
-0.774256
1.69789
-0.613875
-0.610704
4.83051
4.70158
1.16862
-1.996
-0.0699938
-3.39028
-1.26366
0.260027
-0.433028
0.747134
-1.29161
-0.00847693
-0.520655
-2.18348
2.51175
-3.26
-6.8341
-1.15516
1.76744
-4.4969
0.494532
-0.0692859
-0.248692
0.446544
1.48123
0.373626
6.4247
0.794071
-1.28963
1.847
-4.1936
-1.23704
-3.1388
0.644947
1.00004
-1.98055
-0.724155
2.04917
0.212408
-1.75109
4.91984
0.550692
4.38058
0.453253
-4.53311
1.89338
-0.773994
0.711351
-0.744881
1.29295
1.65904
-2.1444
0.940736
-2.16234
-0.932207
-0.475905
0.1667
-1.04064
0.649848
-1.74008
0.563796
-2.5732
0.128665
-3.88528
-0.248038
0.293878
-0.868277
0.709552
0.653815
-3.46745
-0.261105
0.101336
-1.26675
-4.81608
0.870508
-0.119368
-1.15301
1.76498
-1.06169
0.025049
0.531578
7.22386
-6.02209
-4.89828
0.267167
1.87652
-1.31514
-4.66287
-0.364343
5.19642
-4.08066
0.223938
-1.07568
0.831163
5.55259
-0.506639
-0.516562
-0.0942323
1.08881
-2.22045
-0.517676
8.83517
-1.14227
-0.349749
1.89158
0.718711
-9.38534
-0.13336
0.707574
40.8634
6.2493
-0.430949
-0.588457
-2.75915
0.462051
0.0840741
0.0539806
-3.1706
0.272916
0.0630116
1.79081
-0.110975
-9.71093
2.04078
-1.46586
-0.644133
0.692836
-3.36796
0.551732
1.84065
1.24517
-0.448112
-0.0833572
-0.362576
3.69536
5.74827
2.91777
0.231199
-7.94027
0.114736
-1.06077
0.0964416
-0.239773
-1.39441
1.15333
1.74363
-0.973392
22.5898
1.58744
0.158196
0.468849
0.378442
-47.7641
-0.688418
2.9628
0.857649
-0.809388
-2.09628
-1.29481
1.48796
2.11441
-3.05947
-0.340067
0.566018
0.375745
-1.29341
0.427074
-2.48344
-1.64428
0.437934
17.5723
1.95336
-14.8636
0.434395
-2.09603
-1.76646
-3.25037
2.89822
-1.76587
0.0810164
0.336414
-5.58429
-0.0535329
-2.33746
-1.86652
-0.184232
1.95153
0.810845
-8.41346
1.84332
0.18085
0.434356
-0.850879
4.34472
1.41886
-0.281859
-65.5416
-0.905656
0.609672
-0.173767
3.45205
-0.879144
0.715483
-0.765184
-0.172437
2.8561
0.404904
0.249818
-0.372046
-0.376811
-1.57952
0.11686
-1.48769
-0.21999
-1.43182
-0.760016
0.03879
0.0237714
0.160572
1.02013
-4.23292
2.60555
1.28963
6.29125
-0.848156
0.345364
-0.790618
-3.12086
0.974429
-4.30082
-2.39215
1.68302
0.905072
-121.518
-0.28719
-2.02361
-1.274
-1.04103
0.973699
0.262801
1.96207
-0.644211
-0.757848
1.11241
-1.38135
0.866067
0.370021
0.437603
-0.613601
-1.51036
1.6572
-0.00960772
0.140091
1.19768
-86.9083
-2.66849
-8.9945
-0.153787
-0.694222
0.715971
11.6593
-0.342453
-1.34372
0.533725
0.864196
-0.279083
-0.428351
-1.15584
1.01213
-0.251282
-0.948437
-0.542441
0.154497
-6.11401
-0.412204
-0.788029
3.89817
2.39852
-0.585608
-6.62874
28.3545
-2.35683
-0.242435
-1.38994
0.722207
69.8853
1.36402
-2.62059
-1.69176
0.406408
1.40222
1.2729
0.222768
0.385062
-2.08106
-0.843091
-1.37688
-1.96189
-0.840425
0.353161
0.0587396
0.317175
-0.471192
2.76918
-0.782224
-0.241177
-1.80905
-0.276704
0.769974
0.0343364
0.0775027
1.71801
1.44602
-0.169769
1.06244
-0.438206
-6.8073
-1.00522
-0.455457
-0.00544032
0.72845
-0.0874087
0.0421944
0.424154
0.442466
-0.223695
-1.05638
-6.68029
16.8267
-0.422556
-0.407165
2.93692
-0.530272
3.08078
1.07868
0.0264725
-3.06409
-1.06579
-0.541654
-0.317926
0.828807
-1.78459
0.974199
-0.658742
7.01426
0.849177
1.85265
0.329974
1.12789
0.582443
-3.41611
0.561029
0.22646
0.644476
-1.04071
-1.13531
-0.770339
-14.72
-5.19671
0.364554
1.85176
-4.8864
-1.97694
0.191367
0.135738
11.4356
0.352244
-0.133906
3.57272
0.110881
-5.88123
1.30867
-0.782972
-0.652647
-0.399174
0.480532
0.363424
-1.34332
0.86953
-0.332992
4.84945
68.5429
2.66429
-1.37068
1.0829
4.5432
0.0397226
0.579632
-0.0573041
1.20304
1.40736
-0.861627
2.04153
-0.167491
0.732647
-0.435853
0.774455
-0.289934
-1.09052
-0.0250145
2.79893
1.40651
-0.923147
264.079
1.14999
0.936293
1.66524
-0.46805
-1.22375
1.75738
0.230644
-1.61369
-0.53733
8.27705
1.16384
0.496611
-2.19688
-1.21875
-2.86851
-1.058
-0.271018
90.4342
0.554224
0.257183
-0.423482
-0.249184
0.494307
1.15323
2.08148
0.237163
-1.24776
-2.18611
1.49775
0.170247
1.81044
1.37889
-1.54367
-9.87141
0.66961
2.15386
0.394521
-0.0180173
2.86576
3.17987
-0.102802
0.553649
-2.2459
1.5299
-7.389
0.486467
-0.764653
-1.09648
-0.509202
-0.586788
-2.33308
-0.725831
-0.715254
0.559073
-0.281039
2.10766
0.169657
0.202982
0.399736
-3.79605
-2.42839
0.199388
30.8074
-0.218881
0.0661657
-0.0421791
0.177223
-0.293822
-0.809347
-0.555009
0.00748165
4.45423
1.82401
-3.52029
-1.68863
0.991264
-0.459413
-0.944313
-0.28457
-8.2088
-0.182228
0.0588348
2.61641
-1.24627
-0.170405
-1.84426
1.20118
0.458139
-1.48679
1.67163
-1.99033
0.566174
4.91419
0.13673
3.28816
1.72051
2.12696
-3.81785
-0.247675
-0.118357
-2.76643
-0.721543
-1.94336
55.8581
0.00221424
-2.82074
0.756328
0.152299
1.17809
1.84559
-0.760338
2.25364
-0.381964
2.2306
3.67849
1.16707
-0.427934
-0.144634
0.888148
1.25526
-0.401082
-0.727362
0.277516
0.635767
-1.7992
-14.1435
-0.782094
-2.97759
-0.551637
1.3199
1.51544
-2.214
1.44236
-0.880329
-0.841879
-0.37325
0.764655
1.07003
-0.553867
-1.11181
-0.359229
-0.172702
-0.30928
0.160173
-0.488551
-1.79392
-1.18894
27.6999
3.31267
0.00294153
-2.78377
3.01323
-0.0523097
0.675077
-0.243725
1.70615
-0.0899021
-0.0172917
0.662094
-1.43086
1.13753
0.757607
-7.11603
0.160979
-0.906392
0.899037
3.30063
-3.70124
12.5506
-2.0406
-4.49854
-0.0367384
-1.09515
-0.596421
-0.668684
0.0347834
0.0307019
2.44236
-3.05155
0.58596
-1.08079
-0.0607044
1.23364
-0.841099
49.672
-0.391947
0.561252
2.34776
-1.47545
-0.827692
-1.26661
-0.532454
-30.1729
-0.806687
0.335782
3.64139
0.716593
0.327996
-0.882863
-0.645238
-0.766089
1.64781
0.128789
-1.05576
-0.988647
1.50368
1.22897
0.641219
0.388529
-6.88948
1.82311
-1.54192
0.356451
-0.211825
-1.83585
-0.166489
20.2587
-1.94841
0.028748
-0.396659
2.49236
-1.42306
1.13917
0.0811535
-0.381601
1.09045
0.86381
0.40759
-1.5036
-0.363444
-0.614074
1.51938
-0.521803
2.31767
46.99
-2.42176
6.61922
4.34791
-0.427024
5.23585
-1.44581
0.755048
0.616071
0.258144
-1.11243
0.568668
-69.5376
1.74745
-0.898619
-1.10306
-5.51781
0.710614
0.526001
7.79775
-1.7438
-2.19954
-0.804908
1.54596
-0.351965
1.87591
1.57813
-0.611762
-0.310213
0.0146756
17.0985
0.157024
1.83189
0.700231
-1.53541
-0.238848
5.51817
-0.519092
0.432795
-0.816282
-6.91485
0.266237
4.44668
-0.965149
7.82552
2.29846
0.944698
-27.1935
-0.364677
0.385083
0.668814
21.4354
0.528391
0.226547
8.68717
-0.0785316
1.40691
0.255085
-1.42563
0.202464
4.5554
-0.68063
2.41312
-12.1412
-0.831552
-0.450974
1.17795
-0.291774
-1.74341
-0.238178
0.533767
0.629003
-0.000608836
1.22212
0.0230319
4.47195
-0.109352
-10.8001
-3.05953
0.282735
-0.685123
-6.40619
-1.10992
3.428
-3.48503
-1.48993
-2.11497
-3.60788
0.0499945
2.42352
-0.716778
7.6288
0.914991
-1.30412
0.211297
-5.5605
7.31406
-0.90162
-19.0287
-1.22528
0.243566
3.83273
-2.27177
1.74106
-32.4831
-1.06684
-3.21921
6.13573
-3.19253
-1.14727
-2.53528
11.3764
0.542144
-0.446855
-1.10055
-6.13176
-0.920313
0.479735
22.1543
3.04257
-0.796622
-9.32954
-0.201489
-0.322183
-2.5306
0.37808
1.00623
-0.521827
3.5307
1.73282
1.4285
0.424946
0.754364
-8.5502
0.424431
1.54561
1.05829
-0.154668
-1.52337
0.159442
0.397702
0.375266
-2.90857
33.021
0.184627
50.0523
2.71396
0.324836
-0.661061
-2.33505
0.879144
2.37215
0.389653
-0.430352
-5.44828
-3.31954
0.0531815
-1.18606
-0.532672
-0.144244
0.383148
-2.10503
4.6082
0.582381
-2.06645
1.02904
1.33655
1.68479
1.15372
-0.42222
-0.287358
1.68377
-2.10442
-1.01088
-1.7714
-2.97349
3.98822
0.292023
1.08467
-0.592464
8.83697
-0.242134
-0.369507
-5.87601
-26.3678
0.110755
-1.85181
0.897247
18.1128
-3.90017
-1.92774
-6.12451
0.742991
6.12986
-0.700451
-3.32339
0.463939
2.47312
0.634036
-0.536773
359.503
-8.20438
-0.981664
-1.15383
2.66101
0.900367
-0.0904381
-3.67128
7.09777
-22.8863
4.2789
0.910245
-11.885
3.4472
2.54281
-0.824188
1.44472
1.05214
0.538708
0.804751
-1.57701
1.40948
3.24983
-1.2446
3.44293
-0.0462554
-1.03149
15.4659
0.00821238
1.36805
-0.538059
0.338189
1.85145
0.303558
-0.763195
1.82593
9.80309
-0.851492
-30.2905
0.805881
0.270182
0.411848
1.13995
-2173.97
-0.502223
4.14259
-3.53725
-0.726389
0.366082
-0.468363
-1.07983
0.901052
-1.66795
-1.85806
0.470617
-0.809478
-0.459639
1.55877
-1.61243
-0.19098
-0.704223
9.9638
1.66931
-0.00943267
-0.0687685
-1.25216
4.65064
1.45817
0.11078
-0.649346
0.564063
0.792723
-0.565408
45.0329
0.439831
-1.76389
-1.05004
2.56664
8.30123
-0.113196
-1.02367
2.20517
-0.240724
-0.76391
-1.43208
1.16017
0.875005
1.79093
0.583853
0.501484
1.84502
-0.189001
-1.62731
0.0604638
4.83816
-0.351379
2.57756
-0.241391
-0.729983
0.191343
0.801425
-0.049338
-112.189
4.70222
1.9152
0.897152
-0.724738
0.192085
0.820342
1.02695
-56.749
1.23259
1.00799
1.52249
-1.47685
-6.79406
-0.535791
0.919638
2.72298
0.0770539
-1.56294
-0.58055
-1.73013
-0.822739
-0.490755
-0.665643
4.63053
-0.130842
-0.340704
-2.83321
-0.0997375
-0.0828472
1.5658
-2.74304
-78.1483
0.768583
-0.11561
-1.41445
0.353931
0.720664
-19.6817
2.56705
0.0207491
13.4366
0.438845
-2.61412
-2.78428
-1.07202
0.557674
-0.811976
0.562464
-1.34162
-0.763162
-0.0791798
5.83172
0.430512
-0.282235
-1.07453
-0.548901
0.312843
-0.860846
-0.482131
-0.449665
-1.32591
-10.6655
-5.52056
0.0796828
0.852895
-1.03792
-1.04701
-0.120929
3.26644
-2.33715
-0.72019
-7.97201
0.672775
0.00334703
-1.01082
-1.60344
-8.07218
0.134976
-1.85624
-0.145147
-0.0366829
-0.62816
0.334603
57.0905
-1.65871
-0.339833
-1.89534
-0.450162
1.88
-0.48398
-0.132259
-1.78565
2.15392
0.0396328
-6.46489
-1.03099
-0.789021
-0.373026
-6.4689
-1.57069
-1.07488
0.61294
2.27352
1.49151
0.229016
0.235768
-0.252043
4.44757
0.0173209
0.299325
0.416526
-1.38635
0.13966
0.835859
-0.313055
-3.52968
1.76958
2.96782
1.05809
0.147083
-0.305979
-6.09239
1.13335
0.107026
1.677
0.425367
1.83122
-3.3686
7.16125
-1.37066
-2.82379
1.24907
-4.53391
0.902504
-0.904145
2.1894
-2.15092
-3.69276
-1.03205
8.23858
49.8281
0.476588
-0.0389477
-1.62029
3.45448
0.369015
0.00931376
-0.20144
0.864973
-0.966971
-5.6478
0.359442
-0.0103727
3.20647
2.23296
-1.28913
-8.44142
0.100829
1.43682
0.0416992
-2.05363
-56.8567
-0.705412
0.712958
0.786527
0.0152738
4.63598
-0.602445
17.6212
0.021886
-0.948496
-0.460487
0.39573
-0.286417
-0.416547
-1.82951
0.481681
0.289694
-0.504578
1.73463
1.1473
-0.0288867
3.71116
0.703887
-2.4517
-0.360497
-0.0146491
0.721212
0.565818
1.20496
-0.713158
0.402541
-5.78956
-0.0437291
0.673939
0.477282
-0.134961
1.93478
4.10803
10.3572
-0.825841
-0.809781
-0.799066
-4.50953
1.81371
0.115293
-2.48753
-0.295485
-0.634042
-0.243104
14.3166
-5.84631
-0.962897
-0.641893
-2.85557
1.46543
13.3516
3.28135
0.103027
0.882474
0.514491
1.33981
-0.233344
0.328602
-0.886639
0.432399
-0.0222313
-0.20303
0.985298
2.22732
1.3562
-3.50861
0.146061
0.49596
0.30385
0.00700565
0.88978
6.0923
9.15596
-1.53372
1.86677
0.531668
0.672529
1.89755
-4.02494
-2.22355
-0.489926
2.39535
-1.92584
0.0169546
-1.17557
0.520941
1.56836
0.23219
0.424201
-0.206209
0.460832
0.492698
-0.0281445
-14.2436
-4.36049
-2.77587
-21.1777
2.06289
1.03314
-0.845581
-1.90321
0.72832
-0.362752
-1.02738
-2.81043
0.171742
1.84704
2.26804
3.0787
-2.19573
-2.31883
-1.0862
1.15955
-1.23905
0.719019
0.768546
-1.62095
5.17542
-0.965511
6.76016
-4.77676
-2.84537
0.0759955
0.254917
-0.243106
-1.7978
-3.46529
8.51017
0.198421
0.118549
-0.782403
-15.2675
-7.75059
-8.54846
-4.90202
-0.158376
1.01717
-19.0132
-1.55772
-1.67962
-5.44646
0.722004
0.59116
0.519139
0.660766
0.799217
-1.18772
-2.70604
0.921527
-0.638804
-42.0198
1.34338
-41.5047
1.3552
-0.240837
3.53695
3.386
-1.55456
-5.84642
-0.797273
-0.507999
0.713458
0.333088
0.0233371
-0.0463025
-2.08524
-1.54226
0.921969
9.90065
0.205271
0.41281
-0.0209687
-0.72016
-0.68563
1.05988
-4.37041
-0.546164
-0.279601
1.53011
-0.145295
0.758063
1.26514
-4.86971
1.97564
-0.00357374
-0.647437
-1.32572
-0.0906121
-1.1794
-0.548057
0.604356
3.245
-0.912589
-0.426699
-2.43573
-3.60563
0.408408
-0.626948
0.316797
0.878332
-210.918
-0.423695
2.49903
10.2587
3.73953
-0.752122
-13.7332
0.615957
-1.72217
-0.0417042
0.670329
-0.827292
-2.06703
-2.40554
-1.2377
2.42898
0.508923
-0.346687
-1.66502
-0.29874
-2.62817
-0.207753
2.81197
-0.996988
0.024502
2.90384
0.0440503
-32.2892
-0.214059
0.396235
-8.67902
7.63415
-0.836563
-12.5063
3.11488
-0.308067
-0.506808
0.284622
-0.954253
-1.51301
1.08745
0.605279
0.70974
-0.476622
-5.53992
-0.129546
-1.14099
-1.73608
-0.0836898
-0.776713
-0.609628
-1.61145
6.21846
-0.709273
0.985726
0.191228
2.38412
0.280713
-0.289714
-2.3507
0.295918
0.215061
-0.637439
0.0424533
-2.7293
1.01634
0.29566
-1.49747
1.0479
-2.02073
-0.717407
1.98385
17.25
0.760784
1.1027
-0.665489
-0.390555
0.641908
0.148767
2.13545
0.349196
-1.00658
-1.10829
0.236519
-0.24434
1.0281
-1.38832
0.481574
-0.470056
5.05232
-195.763
-1.00584
1.44767
-2.42016
-1.73525
0.0466672
-0.331267
0.418973
-0.564949
0.597789
0.568755
-37.2676
0.02454
-1.69283
-1.61824
2.35598
-0.217416
2.01479
0.268009
0.0875265
-0.459096
-1.98108
0.103273
0.870818
-0.997477
0.474465
-0.871554
0.188007
1.21141
0.444709
-0.770689
0.890726
0.0515133
11.4832
-19.2198
-2.88148
14.3279
5.02885
3.10819
2.38789
0.840447
0.946269
-4.63752
1.50648
-3.41678
1.76867
0.366395
3.62479
-0.503018
-0.173839
-1.97633
-1.43629
-5.86289
-1.17131
-7.73164
0.698869
-0.847129
-1.66911
-21.8811
-0.865517
-1.05017
-1.81708
4.04579
-3.63238
2.82138
-0.476898
6.8272
0.963605
-2.14969
-0.835625
-0.559548
3.20785
0.0616742
-3.58754
-1.62644
2.24631
1.92314
-26.594
-0.21201
-0.101394
-23.407
2.8117
-1.288
-0.257498
2.37716
0.0587514
-0.204332
-0.832453
0.880644
1.43098
-0.22267
-0.701277
-7.34676
1.12664
0.336643
4.74101
-0.875544
5.96672
1.73683
-0.704886
-2.60708
-2.97475
-0.550293
0.776685
-4.62226
-0.224952
1.23256
-19.3227
1.36328
-2.386
-1.49713
-0.0843692
-1.03159
-0.277958
0.356182
-0.379303
-1.90147
0.767678
-0.86923
0.345707
-1.97003
-5.48188
0.742006
-3.26725
-1.67143
-0.965902
-0.98878
5.71739
-0.87132
0.139839
-1.8278
1.43194
-1.15398
-31.8238
0.152889
1.0774
5.82485
0.282415
0.104339
-0.271799
-0.637684
-5.61174
1.42575
0.109587
-0.689003
-2.48092
11.8051
0.921475
-0.75285
-0.398782
8.35288
-0.0902736
-0.813585
-2.39859
0.473874
-0.865547
-0.911228
1.41714
-11.3599
-98.7714
0.509573
-0.568934
-0.638555
-0.408935
2.51826
3.85841
3.08159
-1.83941
1.15445
-1.28943
-1.78832
13.0709
0.310126
0.802829
-0.173796
-0.979075
1.01553
1.08394
1.58638
0.487843
-0.201607
3.95007
0.248701
-0.573619
0.265958
1.40262
0.804968
0.0242031
0.127591
0.333276
-0.310079
407.57
-0.405891
7.54123
-0.228741
-9.15155
-0.600325
-2.99054
-7.90144
2.40947
-5.66004
-1.49046
-0.412345
-2.92524
-2.11022
10.4775
-0.709297
2.24875
-1.11985
-4.30618
-0.335095
-5.67279
-0.338836
-0.200628
-0.411829
0.451027
0.322411
9.23172
-1.63097
-2.86654
-3.48482
-0.157785
0.626334
-0.131705
1.27448
-0.802168
0.338226
-0.999256
0.212384
6.50889
-1.54216
6.14457
-1.20072
-0.962826
0.50261
-1.68625
2.28245
8.73603
28.4605
0.0717813
1.9229
-3.49066
0.394472
-0.910534
-0.454224
2.22238
0.978428
-0.234793
-18.0853
-0.812675
0.671793
0.294754
-0.775765
0.354763
-3.17192
1.53877
1.25108
2.46762
-1.1557
-4.15894
-0.946484
-1.83512
-0.431742
-1.39344
-0.790315
0.277261
-0.243966
0.728989
-0.411502
2.2557
-1.02792
1.72176
-0.222013
-1.03821
-1.30403
0.153428
-1.24708
0.239474
-1.43779
0.620008
0.77617
-0.196651
-1.28482
0.28755
-2.14625
-19.6966
-2.45578
0.417694
0.0652063
-0.745571
-0.18091
1.02906
0.000276501
1.85713
-1.76503
1.14114
-9.00295
-0.697465
0.943485
0.653546
-9.6458
0.410548
0.36133
-0.405415
5.65234
-1.23845
0.0153121
-0.0272632
4.07427
-1.92383
0.518337
-0.109701
1.57134
-0.0892505
-1.10205
2.87107
-0.00937729
0.203816
5.50846
-0.678535
-1.3749
0.642219
1.08991
48.9796
0.333315
0.889815
4.53255
-0.722347
-0.40986
-0.151343
-4.18528
1.1445
-2.54482
6.61891
2.52737
-0.63794
0.0391785
-0.900078
-0.192961
0.283155
2.876
-1.61354
-0.790415
15.0956
-0.161667
0.787149
-1.96306
-3.00499
21.8491
-0.189286
-0.0457255
0.909884
0.972731
8.30124
-0.470468
-0.851613
-2.0206
-1.44862
-0.605931
0.846328
-0.126947
1.10251
0.43903
0.0840266
149.081
1.9098
-0.0294504
-0.75063
-0.35362
0.932448
-33.935
1.08756
-13.3238
0.299655
2.23949
-0.227099
0.928345
-1.14712
0.261941
-0.177853
0.163494
0.332435
1.04843
-0.518637
-0.675065
-0.195519
-0.918699
3.3538
-5.96892
0.318434
0.260063
8.99249
-0.389903
-0.635257
-0.902067
0.691519
-2.74214
104.196
-0.0900799
0.775026
-0.175242
-0.445761
2.99649
-0.428106
-2.09436
5.09668
-5.75929
0.107203
0.417018
-0.305958
1.52198
0.489665
0.602888
-0.222835
0.364062
3.01929
0.0766972
-2.50859
1.9157
0.173956
-0.407624
1.13842
-4.31857
-0.365
-1.84526
-5.41805
-0.577811
2.9087
0.0120859
-13.9648
0.847981
-0.434508
2.17117
-0.0747434
-1.07393
0.201724
0.434967
-0.529178
-0.415527
-0.239098
1.91122
5.77169
-1.63609
-0.0104354
-0.312836
4.55021
-0.509861
-0.570717
-0.658057
0.145765
7.11404
0.879187
-0.158002
-0.361699
0.0380454
0.849158
0.488345
-0.277022
3.56618
0.358964
-32.3473
0.606101
-1.26506
-2.79436
11.2576
-0.242484
-0.32196
-4.95342
0.763261
-0.250519
-0.0721636
0.16486
1.78671
-1.4515
1.70646
-0.596747
-0.836389
-0.17838
-0.452796
0.45037
-0.0966097
0.0897322
0.601213
-0.486736
3.13744
3.1569
0.626147
-1.55638
-0.538801
1.13379
-5.2079
6.49945
-0.839297
-1.27545
1.22179
8.29958
-2.54834
-0.656147
1.65959
-0.28071
-0.30754
10.7454
0.758955
-1.31477
0.239676
7.56817
0.963987
-0.737298
2.88234
-5.28033
0.732955
-7.84895
1.41167
-4.95794
-4.49862
0.863428
-0.338757
-1.71685
31.7734
1.05302
0.413762
-3.03654
0.876591
0.441802
21.6459
0.062301
5.31633
0.132633
-4.0615
-1.54681
1.64919
-0.239224
0.631233
6.64484
-0.0333917
-0.529447
-0.533705
1.64494
-1.25382
1.28573
5.3905
-4.65599
1.42568
-0.58037
5.15474
0.74709
-0.311456
0.891308
0.40526
-1.03226
0.136624
3.93433
0.300517
-2.03149
-0.869467
-1.31671
0.155839
-0.577828
2.11974
2.1782
-0.755485
-1.7199
1.77205
-0.208062
-0.148725
-1.91182
-0.340218
1.55591
-3.06674
10.9079
-1.48996
-0.364328
-1.24909
2.24838
0.772518
-0.526989
-0.264762
1.93993
-0.387047
0.154478
-1.1459
-2.51341
1.51815
0.304672
5.06884
-3.38598
0.261928
0.322632
0.84458
-6.913e-05
0.0373419
-1.26987
0.574984
-2.36074
0.127724
0.709869
-0.560537
3.10797
-1.37014
-49.1728
15.278
0.368134
-0.826311
-0.461064
0.852754
-0.928899
0.475972
-0.726511
-4.3855
-0.0882599
-0.890278
-1.44083
-0.50388
-0.403735
-0.348377
4.27128
0.49309
4.11291
0.91839
0.165577
0.351241
0.129405
-0.970829
-2.12054
0.0495571
1.05529
-2.33887
-1.80648
-0.635703
-1.5853
-0.495557
-0.603936
-1.32743
-2.10711
-6.15201
-0.0722025
0.0559676
-0.706111
-0.956934
0.195982
-1.4871
9.84967
-2.89473
-0.627944
-1.26669
1.76357
-2.01967
-0.894783
-0.319923
4.36832
0.878896
0.904362
-1.23568
0.193549
0.0616927
1.56508
0.00413191
-0.484007
-2.63376
-3.20497
1.3819
0.650447
-1.52001
0.816687
-0.333796
-0.42761
-9.02187
1.56042
-2.18578
1.18046
-0.513621
12.5167
-0.937686
-0.729374
-4.28964
-1.82392
-0.306775
1.20473
0.729555
0.0585197
0.06893
0.445334
-2.48989
0.349385
-0.83085
-5.82407
-0.559105
-0.0902518
-0.87068
-15.5694
18.5533
1.48372
0.283554
1.15917
20.8068
-0.173979
0.0101177
11.748
-1.05598
2.30381
1.04323
-1.48896
-2.85881
8.42825
-2.89358
0.128783
-1.39748
0.18588
-0.995363
-0.626838
-1.76467
-0.99813
0.176285
0.822239
0.198303
0.582297
3.74942
-24.3905
-0.460932
0.138158
0.75985
-0.737701
-0.0807191
-1.71629
2.69332
1.60064
0.989748
-0.564887
0.991753
-0.5009
0.115022
2.29757
-1.09578
8.43368
-0.781977
0.751928
11.6175
-4.31664
14.6754
-6.53131
3.72454
4.04488
-0.739203
-13.3938
4.53541
1.42584
-0.313714
-0.0210585
-1.82921
-1.99951
-0.757672
-1.14081
-0.512453
-0.131769
0.736791
-0.0442187
0.253509
2.72867
-0.356605
-1.17092
1.13479
0.506037
-1.99685
1.06154
-0.317133
-2.3466
0.0158705
4.67784
2.11039
4.1105
0.0120693
-0.268307
0.0419566
-1.46218
-0.444742
-0.958914
0.623241
-0.905254
-0.191948
1.25502
2.54016
1.10815
-1.50522
0.108619
0.505578
-0.142507
0.620502
4.14009
-5.93664
1.21156
-0.48556
-0.788659
19.6733
3.54325
0.479203
0.821345
-0.419083
3.40122
-4.68789
-1.50219
-0.620915
3.5632
-0.0598087
1.16658
-7.83039
3.0156
-1.09281
0.463105
0.275601
-4.65365
0.0402415
0.429568
-0.682575
0.528135
3.55517
-1.7472
0.392347
0.769577
0.211994
0.710289
-27.8199
-0.104726
0.549059
3.78618
0.172639
-8.68662
0.0655521
0.365505
1.44964
0.383746
-1.40273
-0.513714
2.00342
-0.725231
1.9515
2.39659
1.34999
-0.173581
6.74246
-1.71882
5.13932
5.75729
0.118805
-6.67863
0.433413
0.143628
-1.60851
-0.613748
-0.30678
-3.20019
-1.01138
0.148032
0.127623
0.133841
-0.941024
0.799822
0.267607
-1.61683
-0.512483
0.590465
0.0922672
-3.32923
-3.39256
0.0912015
-2.33466
-0.0814099
-0.71128
-1.14329
0.154492
-17.2333
0.680052
-1.27655
-0.320365
0.960943
-13.8687
8.54862
0.396565
-3.71754
-0.191322
2.30278
1.74097
0.715578
0.717486
-0.701484
2.55803
1.26749
-0.571014
0.00612506
0.0438711
-0.109197
-0.521686
-0.732065
-0.155677
-0.638037
1.95843
-1.75029
1.12404
-12.1827
0.0265361
-0.917192
-1.89878
-1.64733
1.59368
-1.1532
-0.984175
-0.108222
2.21178
1.50673
-1.15341
-1.59321
-49.8167
-0.642091
-0.182679
1.44458
-0.386432
1.6086
-6.21782
1.11136
-2.87405
-0.316066
-0.0593811
0.536013
0.992126
2.76673
-0.959286
3.26816
-8.45817
-1.25064
-1.72331
-2.86029
0.307149
0.556627
-2.66274
-0.495399
2.02801
0.0388186
14.6367
-0.515223
1.71102
-0.131033
0.0207981
0.283269
-0.616325
-1.93116
12.0302
-0.634219
0.231086
0.715174
1.71284
0.590927
1.76391
-1.77355
0.315375
1.83715
1.17841
-6.48855
-6.39034
-1.64246
1.69333
10.0776
0.491475
-4.86663
0.187852
0.32462
-2.07577
-1.5255
-0.882746
-3.23432
-37.45
-0.176895
0.651731
-3.1065
-52.9875
-5.38207
1.8899
0.210469
0.617501
-0.203658
-2.73829
0.227673
10.3115
0.419406
-0.0189117
-0.703934
-0.0555091
-1.89845
-1.14663
2.68715
-0.184089
14.4344
-4.1685
0.409366
-4.403
18.6229
-1.33858
13.1126
-5.36212
3.98052
0.0583681
2.73932
-0.152602
-1.44625
0.162631
0.457121
0.288005
0.333163
-0.479273
1.65831
37.9199
-0.640502
0.312899
-0.129427
0.337773
-0.270877
-3.23029
1.84875
-0.0553494
-1.26444
3.96491
2.30553
-0.601169
-0.0816366
0.696017
-0.50221
1.75637
0.330205
-0.600401
-2.63974
-18.6753
-1.26434
-0.121591
-2.61612
-0.455515
-10.8509
1.41951
1.43203
0.593829
0.760082
0.972261
-1.78452
0.722594
1.2493
-2.46297
-0.189262
1.57335
2.27916
0.182955
2.16035
-0.520863
-0.621046
-1.53655
0.650623
-3.50376
0.381712
-0.539873
-4.5043
0.204249
0.386265
0.43888
0.570868
-3.90055
0.974506
0.00926104
0.00644611
-0.714536
-0.0726264
-1.22263
-0.362004
-0.131468
0.0855034
2.89968
-0.284756
2.02616
0.839564
6.93949
-0.870566
1.64985
-0.0707252
3.81609
1.30914
3.23907
-0.228044
0.826959
0.430663
-0.427932
0.904785
1.62484
1.44355
-1.15082
-1.9791
-2.34469
1.03186
-4.08089
-1.33658
0.504248
-0.272928
-66.535
0.713525
1.54901
0.455413
1.87135
-5.87532
-3.90926
-0.753929
-0.0874156
-3.42111
-5.90537
-0.0309136
0.607133
0.693406
2.17271
-1.03403
-0.812389
0.642372
0.919858
-0.295728
-10.8048
-1.27401
-0.874458
0.547953
0.152351
6.66335
-5.48907
8.50814
-1.24232
-0.317673
1.3518
0.356659
-3.89402
-1.08035
0.00730327
0.0410524
3.67555
-0.295908
-5.76185
2.90314
-0.148351
1.09605
3.7794
-12.0493
1.72599
1.09923
0.49549
-2.89661
-40.3463
-0.559619
-0.650685
1.97671
-0.404018
0.249533
-0.433943
-1.97047
-1.52887
-2.00641
0.203712
-0.99308
0.0134762
3.16209
1.52023
6.45501
2.86842
-0.189375
-0.845647
-0.362449
0.308687
127.523
-0.797302
-0.848756
-2.15553
-1.05402
-4.2267
-1.72628
2.68935
1.52179
-0.565406
-11.3942
1.3342
-1.3202
0.0622413
-0.00859035
1.4764
-0.440019
0.351368
30.3282
-0.000366192
-2.92776
8.5154
-1.71456
-0.610392
-1.42278
-1.10934
13.494
70.4557
-0.515304
0.0893658
0.268444
-0.303594
1.66377
-7.19685
-0.0160621
-0.26617
0.308442
-0.437219
0.978416
10.6464
-0.692706
1.16131
0.552523
1.23661
-0.53828
-0.714097
-0.615375
1.61616
0.21589
0.897448
2.12594
1.72209
-11.5985
-2.34388
0.0690205
5.62374
1.58528
3.14969
-0.341929
0.50193
2.74812
1.41347
1.43496
9.90977
0.0995818
1.00997
-0.136065
0.401788
0.45148
-0.236386
2.18214
0.493629
-2.16092
1.57888
2.49322
-0.857135
-0.0515629
30.7963
3.79325
-1.70856
0.0206343
-4.52908
0.471792
0.882448
1.87417
-2.30038
0.0566471
-0.718349
1.83531
0.775534
5.44268
-0.466024
-3.06576
-0.109137
0.89796
-15.8075
3.12155
5.39169
-0.431426
-0.868115
-0.50637
1.09172
1.17476
-1.14462
0.877303
8.54362
2.20512
-8.45775
-6.15706
-0.151172
8.64108
0.0142766
4.42478
0.236672
78.0245
-0.366281
-0.527992
13.2957
-0.871997
-1.09526
1.05363
1.42734
-0.0192556
0.133321
-26.7082
0.229741
2.31113
-0.382911
0.475744
1.35544
0.294367
0.575035
0.306561
-0.0360676
1.02971
-1.47269
24.5608
-1.02832
-0.109428
-1.43175
-0.214286
-0.563807
-1.23473
1.25389
-0.218303
0.083086
0.687004
-0.196166
-0.960772
16.4198
0.0769012
-37.9408
-6.49979
1.97323
-2.74209
-0.70861
-0.0929882
3.3768
2.77841
-0.503791
-1.80108
2.06167
-9.67606
-1.49938
-2.1344
0.888938
-30.2073
16.9474
0.114127
-0.664246
2.7125
-0.0859042
-0.393762
-8.51386
-0.600494
1.22941
1.98658
0.267654
-0.0469895
0.416657
-0.342857
-0.653176
0.553682
-1.65136
126.941
0.989872
-0.130763
-0.0867866
1.10811
-0.103105
-1.31905
4.38877
-0.273181
0.0587813
5.65338
-30.8144
0.403452
-1.16886
-8.5218
-0.904719
0.170744
0.109301
-0.0945465
2.86793
-24.0134
0.419296
0.97283
0.120206
-12.9727
-0.628331
5.61163
0.265901
-3.3738
0.475432
0.551565
3.349
-0.0883025
-0.378406
-0.669127
0.515525
-0.349267
0.0657452
-4.49386
-0.69024
-0.568364
-0.0748734
0.0522235
-4.24881
0.182598
2.35962
2.87645
0.0873323
-0.249365
-0.560226
2.96457
-0.751588
-3.90447
-0.945129
1.58397
0.28174
0.974447
-0.201692
-0.526913
-1.51263
1.5268
-0.50195
-0.129132
3.64436
0.826207
-0.575282
0.611052
25.2694
1.84551
1.12217
2.50883
1.65028
-1.40259
-10.5352
1.70158
-0.752148
-1.30798
0.499326
0.116514
0.507105
2.14979
0.85598
0.59392
27.7534
0.122119
0.756002
0.375975
-0.10506
-0.734949
-0.398441
0.354645
3.0293
-4.54684
-2.618
-0.581699
-1.09395
-4.18611
-0.583526
0.645103
1.22919
-2.41474
2.38845
-1.20903
1.93872
-2.0385
-8.412
-30.275
-1.13791
4.67778
-0.118757
0.94661
-0.559874
3.87026
-0.939039
1.06247
-0.426381
-1.13006
0.651701
0.662576
-2.03019
1.16748
-1.51081
-0.367411
-0.370669
0.51922
-0.20932
0.195094
-0.478112
0.00112012
2.55144
0.144734
-1.45995
-1.9371
0.771014
6.61216
0.46617
1.5199
-0.375275
0.273957
0.898262
0.201271
-0.123211
0.77895
-19.3393
0.173681
-9.14976
-5.91227
-1.0946
-0.870156
-0.493608
1.69596
-1.05917
-1.512
-6.15085
47.5464
-1.47363
-1.65759
-0.462258
-7.04222
0.408855
2.9645
-1.12175
3.0332
0.974613
-0.518243
0.461561
-1.89806
0.870262
-1.26474
1.03634
-0.540105
3.87363
-0.132101
-1.48777
-0.405412
2.23184
-0.0515066
0.0775982
-1.42282
-0.670352
0.351095
-5.23243
1.50091
9.98098
-0.445233
-0.281899
-1.79596
0.508953
-0.0293952
-3.22136
5.49329
-0.254822
-1.3256
1.13931
0.74256
-0.772985
-0.203446
-1.72334
-2.99202
0.954654
-0.530072
0.329584
-1.72148
0.448558
1.00039
-6.35868
0.303714
1.89567
-0.276357
-0.39733
0.574593
-0.381415
6.47347
0.425477
1.26952
-0.240848
-0.138846
-0.548201
3.60333
0.519901
-0.817762
-0.239678
1.00722
-1.38001
-0.245043
1.55928
0.751399
0.652175
1.49185
-0.287173
-0.292452
0.733306
-1.85197
-195.851
-1.07958
4.76415
0.721272
-0.109866
-0.229876
1.9917
1.69806
-0.835929
1.8642
-2.10746
0.530165
2.52543
1.80839
-1.37431
-0.89383
0.31711
1.68989
-1.18887
1.60339
0.497297
1.5527
-0.768839
1.47301
-0.409227
0.46239
-2.44366
1.41919
-1.85859
-2.42667
2.23341
-0.962534
1.3258
-0.223078
-0.00821049
30.8881
1.12708
0.357162
0.40189
1.57339
0.683385
-24.1004
-0.345746
-0.273014
3.90656
2.67385
-2.99644
0.644012
-1.12111
0.798582
-0.0598958
-0.482665
0.214549
0.232202
0.092592
3.34789
-0.1314
0.794592
-0.808639
-0.390379
-5.53305
-0.202926
13.9116
-0.0912858
-9.42211
-2.47303
-0.456102
-0.912409
0.511157
1.62108
-0.696633
0.110696
-0.24931
1.48327
-0.223804
0.362182
0.0762942
19.3446
-0.789568
1.51848
-1.0926
-2.30018
0.339484
-1.20835
0.621591
-0.958962
1.40509
1.25073
-0.0506065
-1.03946
4.0422
0.0325225
-11.6341
3.28803
-13.0226
-20.5796
-0.785593
-0.240688
3.65509
-1.7521
0.0214409
0.205225
-5.8883
-0.989462
2.88633
-3.59854
-4.22824
2.47633
-0.91099
0.159227
0.0488931
-14.0598
-1.02698
1.34887
-6.88486
0.24131
3.70793
10.9771
0.347034
6.8653
1.63141
15.5865
4.60203
-0.486066
-0.0661894
0.814408
0.531959
2.99393
-2.02108
0.399113
-0.278148
2.26592
-1.02446
0.915435
1.16665
-0.0474598
15.4803
1.09337
-0.164172
0.0347714
0.920306
0.321271
1.47154
-0.715839
-0.568551
-23.0731
0.0233507
13.7496
0.787643
0.398645
-0.566108
-0.708975
-0.574588
-2.06108
4.54309
-2.0884
-0.949877
12.7655
9.11201
3.88818
0.378414
0.325147
-1.5975
1.69105
-0.55913
0.769081
4.15319
-0.00162352
0.732792
0.911753
0.0237965
-0.437741
1.90458
-0.000943117
-0.084941
-46.7651
-0.768864
11.2019
2.65208
5.06963
-7.99741
-0.447501
-0.212667
2.32327
-2.22562
8.43479
4.58542
-0.735057
-0.233044
-3.07548
-2.83978
-0.0642361
0.577534
1.39563
4.11741
-0.187028
-1.72146
1.08838
0.873548
-12.9504
-1.20784
-2.36967
-27.4696
-0.656034
-0.538311
-0.839704
-4.44612
3.44669
-0.48611
0.768829
0.394804
1.20734
-1.56842
1.70195
-6.42944
-1.14074
-1.31585
0.104903
4.99659
3.12255
2.94483
-0.957657
1.57716
-5.91244
-3.39207
-0.234579
6.30449
0.0480429
-3.20111
-0.280661
0.290903
1.25495
0.214203
-0.296714
1.98648
-0.501283
-2.42524
0.170371
2.11048
-0.688854
0.320427
2.26224
0.148522
0.912029
5.29366
1.03681
1.01477
-2.48423
-0.0664415
-0.411496
-1.8735
-2.48154
25.6957
-16.9201
0.440328
0.366448
-0.368102
1.30621
-0.220535
-2.20498
4.06422
0.0310543
-66.6491
5.19879
0.123079
3.2148
0.763247
0.0669548
0.255671
0.409807
1.98143
-0.123058
5.03989
0.463896
-1.14164
2.41729
-1.02262
0.484461
0.584639
0.465558
-5.37106
1.07805
-0.411014
-1.05724
-0.921617
-0.183664
0.140417
-1.25969
-2.1681
0.843875
-1.95016
-1.95591
-13.9879
-9.07609
-0.503485
22.1743
-0.210892
-1.03413
0.0513417
1.13274
-1.40576
0.418175
-0.812731
0.808998
-6.79903
9.23086
1.14437
0.699662
0.729304
-2.56445
-2.58157
-0.840906
-1.78342
-0.159648
1.78875
-0.0209324
-0.610363
0.224996
1.84811
-1.34219
1.16727
-0.754377
3.17421
3.05012
0.386443
0.116142
-13.9146
-0.232795
1.22999
-0.207319
0.614196
-0.709665
0.193723
0.415173
1.87391
-0.42286
-0.947882
-0.0587084
0.863701
-279.644
-0.828063
-5.0254
1.46442
0.932739
-1.60267
-0.500483
-0.473642
-0.470618
-0.000128721
-1.07498
-1.20267
1.95834
-0.784081
1.91165
0.622916
-1.00646
10.878
0.611056
2.51259
0.122948
-2.15855
-0.700185
0.343764
1.36244
1.08419
-0.996293
-4.16722
-0.604175
22.2994
-0.680264
-0.241404
0.83702
1.4256
4.48991
-7.89238
-0.439671
-1.8986
0.600994
0.521466
0.0833509
-0.451976
1.00412
-1.88718
0.567513
-1.14987
-0.610294
0.349771
-34.205
-0.33794
0.934826
0.499904
-2.29138
0.958341
-0.211106
-2.67253
-0.281409
-0.354224
-0.0463893
-0.095903
0.686743
1.1294
0.378807
0.552873
0.570021
1.35675
3.17113
-4.73407
-0.582052
-0.527103
-0.806757
-2.09264
-0.316683
-2.14766
0.967572
-0.18015
0.302986
0.0712054
7.10992
0.882336
-1.49879
-1.99407
0.62221
0.229412
-1.311
-1.10174
13.8008
-0.17844
5.33789
14.4235
22.5536
11.3924
-33.5867
0.825489
-0.149422
0.183795
15.5535
2.638
-1568.93
-0.598308
-0.778762
-0.0141265
-7.37599
2.23855
-5.04931
0.625663
0.753001
0.0484225
-1.16015
3.24954
0.530231
6.02598
-0.874643
-2.68099
4.066
-4.82232
1.14473
-0.308319
-0.605736
-0.54648
2.54997
5.32127
-0.284622
-0.214938
-5.90438
2.21833
-0.313357
0.423651
9.62858
-0.485151
-1.00086
0.130903
-0.864376
-1.3291
-0.146884
-0.857397
-0.645992
-0.824015
-1.16351
-1.82648
0.506413
-3.33162
2.23345
-2.03795
0.172557
0.143724
0.515682
0.782995
0.0875465
-0.8499
1.45227
-5.01159
0.799375
-0.570772
6.3316
0.703101
-9.95071
-0.202525
-0.369986
0.235623
-57.3399
0.791821
-0.53105
1.86349
-16.6384
-0.945399
-0.167421
0.737659
5.14818
-3.24355
-0.308428
0.407929
0.991161
0.899888
3.496
-5.46413
-1.23298
-1.33561
-1.60688
45.2497
0.435397
-5.80383
-3.65451
-0.0210702
0.61132
-0.059872
0.902233
0.392562
1.10711
0.460635
-0.00556763
-0.843131
-1.59768
1.58086
0.696927
1.5647
0.751935
0.626765
0.0522194
-6.46993
6.43338
0.233256
1.0247
2.09066
-0.546317
-0.220482
0.881708
24.0628
2.21517
1.43918
-0.553105
-1.41598
3.06432
48.8581
-1.32886
-0.0727701
-0.31849
-2.14308
0.377999
-1.80816
47.4609
1.03109
0.989116
-0.3947
-0.346359
0.0387704
-1.8805
1.54015
0.754932
0.359352
0.221095
-0.190974
0.420791
0.851119
-0.737388
0.736929
-1.17871
0.225426
1.31101
-0.776556
-9.87884
-2.41509
-0.0403489
-1.58226
-0.359998
0.666251
-0.213372
-3.96725
-0.680688
2.33048
1.56876
-0.196203
-27.7873
0.794144
2.21544
-1.28082
0.0327971
0.630052
-0.330298
-1.98591
0.854956
0.463201
0.0276179
0.335517
3.85674
-0.167198
1.72094
-9.81001
-3.51094
38.8247
-0.429111
-0.932036
-0.949571
-0.988642
0.101172
1.25109
-1.67391
-0.24139
-1.98138
0.545932
-2.3367
-1.72776
-0.515226
-4.60553
0.986847
-17.1755
-2.49916
1.71529
-0.481827
-0.102303
-24.9045
-3.02927
-0.7643
0.996343
0.170797
-0.23269
1.43489
-1.18488
0.346407
3.49631
0.073252
0.264372
0.0540028
-0.488782
-0.282897
1.30734
2.57291
3.03331
0.833948
0.895064
-0.613328
-0.474308
0.249261
1.13496
-1.34621
-0.138869
-6.41792
11.8021
0.463164
0.688885
0.0395932
-1.34133
1.47436
1.50528
-0.843039
0.199344
0.950066
1.10835
0.484068
-0.325305
-0.362953
0.272108
-1.88484
-9.17384
0.544515
3.2856
-0.236027
-0.106082
-0.500178
9.09911
5.53044
-0.504906
0.132127
3.69213
-0.222911
0.270871
0.209323
-0.415438
-0.662768
1.80218
-19.7224
-0.0292706
1.72778
-2.02815
-0.962513
-3.69099
-0.223907
-1.604
0.149989
0.476795
-27.9205
2.43173
-0.306438
-2.32519
-0.704989
8.76228
0.757404
0.560176
-0.964612
0.554159
-2.37101
0.010157
-0.0221485
1.64027
-0.29833
-0.901871
-1.32505
0.146596
-11.3081
-0.977391
-0.633678
-4.47447
-0.144373
-1.37601
-1.42901
0.32307
1.20745
0.301207
-0.598217
-2.68783
-1.10643
-11.7701
-0.313442
-13.1075
5.14053
0.725764
-10.5641
-2.77597
7.55741
-0.409697
0.23086
-0.116845
0.129168
-0.749408
0.263387
1.57325
-0.36802
-0.253716
-0.0650868
0.221515
2.10443
0.248697
2.02932
0.211113
1.30125
-0.839927
-1.04212
0.924213
0.877029
4.55627
0.467438
5.8374
4.45409
5.07439
1.97878
-1.25081
-0.824165
0.613005
-0.438231
-0.547024
0.194586
0.998249
-2.495
-0.476983
-0.31289
0.647803
7.11542
17.2887
0.842997
5.9718
-1.40821
0.10538
-0.671021
18.9435
-1.10118
3.20932
1.59022
11.4483
0.909071
3.63446
-0.425491
1.21673
0.442977
0.667222
2.03198
-0.416477
5.42357
-0.757602
-5.78747
1.75888
0.221349
1.81373
-0.514695
-0.610012
-4.96203
-0.444079
-0.535423
-1.42491
2.08606
-2.29787
1.76082
-8.20859
0.379836
-2.33509
-0.810335
3.02898
-0.514894
-3.40483
-1.97089
0.115015
0.70908
5.48978
-0.776139
46.7083
-2.35561
-2.51335
1.52649
5.64968
-3.48356
2.81949
-1.60854
-2.11245
-0.676404
-0.218999
0.884387
-3.09017
-4.22845
0.869666
-1.65196
-0.194958
-1.63577
-8.75659
-4.22948
-4.05191
3.60603
-0.507973
-0.461544
-0.210591
-0.240817
1.19478
0.683148
-3.44256
-1.00797
-5.26967
-0.541052
-24.3217
-3.33659
0.0840704
0.12496
0.83163
2.81498
-0.95598
-1.25014
8.14371
0.308051
1.5813
-0.74919
-5.8918
0.691755
0.674438
0.118773
0.199859
-0.220512
-0.00469262
1.18011
9.29697
1.2649
-0.272742
0.91489
1.42079
-1.67534
1.81242
0.352032
-0.836387
-0.346036
-3.28768
-0.688073
-0.260426
-1.92869
-1.27502
1.7216
1.07868
-10.6262
1.00882
-1.32742
-0.822277
-1.42901
2.24484
-0.184084
-4.76329
23.2904
0.431727
0.948346
-1.04369
-0.54714
0.655871
0.619194
1.77727
-0.225972
-0.165293
-1.03796
0.0679381
-0.378142
-3.4382
-0.209788
-0.560664
-1.33725
0.190736
-3.67425
0.186629
-23.4712
0.402305
-1.82395
0.417861
-0.203154
-2.65699
-11.9684
-0.96137
-0.461934
-0.912414
-0.201503
-2.64735
0.274929
-0.882238
-0.0903884
0.200382
-0.783824
-0.0360333
-0.040062
-1.61782
1.23391
-3.12902
30.926
-2.52482
0.0933029
-5.29915
-0.328569
-0.547356
-0.546607
-0.368113
2.80785
-0.288382
1.35317
4.5884
-0.807893
1.13658
-0.140448
160.189
-0.0721032
0.201155
1.87885
-0.956883
-20.3151
-6.29121
-0.525339
3.01974
-0.84165
-0.275927
0.142223
0.635124
0.145019
-1.0784
0.829979
31.0798
-8.47798
1.38916
-14.7744
-0.0947908
4.06839
-0.245182
-0.268361
21.1578
-0.18342
-4.4904
0.0808079
0.318128
-0.0895945
0.0541918
1.56452
-0.992117
-1.12537
-3.08997
1.98035
0.967735
0.935651
-0.178011
-3.52944
-1.97351
-1.00392
0.166599
0.799798
4.0648
-3.57203
2.29624
1.38847
0.0520048
70.547
-1.66373
5.63544
-12.353
1.83531
113.795
0.0298242
-3.05385
0.788733
1.03117
-0.890331
0.516639
1.0998
0.0283813
-2.50432
2.13852
1.07881
-0.578974
-1.68856
0.885306
0.876266
66.441
-0.39621
681.535
0.901088
-0.958092
-1.21002
0.350929
0.250232
-1.56398
-0.0502635
-1.5579
2.05452
0.74629
0.247323
-0.0939099
0.397056
3.14194
-0.324489
0.0265365
-0.129086
-1.6698
14.1503
1.19596
3.46916
-0.877255
-0.860843
2.04664
0.76225
0.00782646
7.02666
-4.07336
1.49265
-12.1247
2.05954
-0.167291
5.66166
2.61542
0.837176
-26.7033
0.185323
-0.63127
-0.273034
0.296542
8.31543
-1.15019
1.28183
-1.27229
1.34094
5.19302
-0.0776694
0.627032
7.25238
0.281428
0.178177
1.22343
-13.5742
0.13742
-0.0229261
-0.439949
-3.88425
-2.58325
-2.1388
-6.76131
-1.18676
-17.995
-0.00926246
-0.820692
-0.159913
2.04229
3.1768
0.870283
-0.571104
-3.90161
-0.875617
-5.98023
2.32904
2.51568
-0.471921
2.87769
-1.65004
-2.53563
-1.44036
-1.26691
-6.36668
-5.46313
-0.100284
-0.0111727
-5.227
1.41203
2.98918
-1.21781
6.59285
1.46203
1.39663
1.13021
0.818955
-0.079642
0.103462
-0.00630503
5.26099
-0.0883546
0.292809
16.3515
4.66819
1.8316
-1.14373
0.256558
-0.866559
-0.0772465
-0.37171
-1.88641
-0.609241
5.66708
-15.4294
0.213628
0.443869
-1.48607
-3.25281
-4.54203
-0.285178
0.191048
0.105271
0.607458
-0.138034
1.08311
-0.786806
3.03462
-14.942
-2.56801
5.84919
-1.12838
-3.5371
-0.581162
-3.99737
-3.17475
-0.565847
0.579283
143.799
-3.09017
0.224297
-1.48752
-2.59727
1.80067
-1.14089
0.907701
0.18438
6.36681
-1.68038
-0.382242
0.244588
-52.4954
-1.12608
-1.19863
0.353638
-8.74009
1.21894
66.0175
0.59148
-3.73152
-0.15382
-0.687377
-3.6675
1.99187
-4.88481
6.22314
-0.36201
-0.793392
-0.444643
9.18414
0.993863
2.58933
-0.0810896
2.13538
-2.41994
-1.11232
-0.506077
-1.10073
11.6182
0.277483
1.69854
-0.891945
-0.191744
0.471735
-0.292105
0.657333
2.87485
3.38947
0.176715
-3.96821
9.82377
-4.67023
-1.69488
1.51809
0.923959
0.575734
1.28916
-13.0658
-0.755213
1.99417
-0.771541
1.0626
0.100226
2.88366
-5.22949
2.33128
0.948344
23.2326
-2.18144
11.0239
-0.50531
-0.128587
0.826362
-1.29952
-0.852647
1.04764
-1.61243
-2.10716
0.85318
-3.45267
-0.628659
-0.615054
0.221427
0.0862854
-0.189309
-13.239
4.97792
-0.777869
0.268159
1.50179
-0.0246578
13.1824
0.209921
-0.997568
0.689365
-2.64869
-2.10273
0.0863464
4.00154
-2.57227
3.54109
0.603332
0.158616
2.85393
1.25263
1.01438
1.46041
-2.24068
346.103
0.603411
0.336023
-1.80873
0.641451
-1.17937
0.962453
-5.16279
-0.0201959
0.619081
-6.1692
-0.408357
-1.74027
-2.5731
-0.585019
-1.14374
1.96832
-0.479894
-0.996092
2.83487
1.58495
-1.04452
1.20396
0.807868
2.3154
0.826174
-1.42867
-3.2136
0.163665
0.295607
-3.31153
-0.913609
-6.00081
-0.165828
-3.78015
1.71152
4.35291
-0.383952
-1.33249
0.477111
-15.7773
-2.37124
-3.78037
0.268187
0.27558
0.517429
3.47888
0.399229
-0.0386635
1.78513
-0.85647
-0.391389
-0.745865
0.188317
-2.0288
1.61125
5.86227
-0.0384629
-1.05353
0.267448
4.00499
-3.73174
2.76214
0.152283
0.330224
0.0178454
-0.96951
1.52844
-4.01398
0.719591
0.824984
-0.33824
0.509828
2.45867
-0.737427
-0.0715047
2.03628
0.271947
0.957988
-1.45812
-13.6896
-0.496072
-2.72857
-0.0884734
-0.292927
-1.73893
9.00819
-2.83079
-0.271761
0.325583
-46.278
5.69229
0.649241
-0.249969
9.00254
0.997969
0.373868
-1.24367
-5.67712
-0.939777
-1.63469
1.16896
0.0895608
0.411787
0.0489953
0.236369
-0.878392
-0.455149
4.57294
0.428473
1.54582
-1.25709
0.24179
3.22704
-1.43511
-0.191025
-2.94375
-0.356974
1.78783
-1.51225
-2.47217
-2.25167
0.830855
7.6405
-0.198213
-1.74949
-2.55307
-4.42985
0.819271
-109.062
-1.79198
2.10424
-0.47529
-1.48157
-3.04254
0.0511292
0.0605754
1.85792
-2.92254
-0.231296
-0.104696
-1.61662
-14.6074
-3.35554
-0.322697
0.63971
0.118944
-0.0271984
3.54663
0.0618899
-0.130182
-2.39745
2.19446
-1.00207
-1.27894
-1.27427
0.39622
0.265057
-0.424042
-0.213953
2.56819
0.635946
-1.32261
-0.0790256
0.61931
-0.0155387
0.229649
0.439481
-0.222687
2.03995
0.149316
7.15798
-0.794563
0.153301
0.971408
-0.216122
-0.900822
-0.540467
1.4147
1.41662
-1.49515
2.92227
0.328656
-0.912808
-0.77332
0.860861
-0.142775
-1.21413
-0.40337
0.494838
0.862667
-0.0167668
-3.9334
-2.02237
-0.191608
-2.06284
1883.49
1.3617
-8.61318
0.376885
4.81152
-0.325274
-0.851459
6.78544
3.30217
0.917444
-2.34874
-1.10129
3.87654
0.0945417
-0.0649651
0.553102
0.726766
-1.98964
17.7417
4.39572
-1.25621
0.168646
-2.41687
0.977365
-0.574395
-0.133454
12.1028
-8.94108
0.928472
-1.95103
3.56709
0.41361
-0.474295
1.03305
0.179283
6.58548
-35.1354
0.268187
0.281886
0.438722
0.340235
-48.5238
3.07456
-1.68959
1.46291
-0.822666
-0.9089
-1.228
2.64783
1.60491
-1.24006
1.16783
-1.06303
2.41938
-0.298931
-0.84958
4.96805
-0.622887
0.495512
-0.35684
1.05473
3.17523
-0.560261
0.288357
-3.23842
-1.43858
-0.313439
7.46984
0.855767
0.0636836
-4.94422
-0.516776
0.201754
4.39066
0.0139266
6.85598
0.749053
64.998
-12.6855
-1.7235
0.0161607
0.0385577
0.33991
-0.303122
-3.13801
2.06953
1.72329
0.469502
-0.182535
1.59246
0.295151
0.884243
-1.35356
-0.0905216
10.504
0.818596
0.271327
-2.26564
0.020502
-0.0343498
1.74278
0.021188
-11.4429
-0.537949
-3.39231
-2.11988
2.48722
-0.393211
3.23745
0.584491
-1.2244
-1.42352
-4.73253
0.666018
-6.52223
-24.5385
2.43807
-0.466259
0.543752
1.1632
0.166729
0.155793
0.425605
-0.530681
1.45833
-0.212904
-24.4653
2.34263
0.073287
-1.90143
1.34285
-0.733477
1.00227
3.39937
0.468144
-2.51057
4.61341
1.4716
-0.377328
-1.14421
0.585262
-1.30241
-0.889679
0.00449468
5.83331
0.135595
-2.28081
71.2594
0.258973
-0.643573
3.04358
0.402023
0.187695
1.66749
0.453621
3.59642
-0.291693
-1.00355
-0.380404
0.430873
-1.02311
0.0348501
-0.362735
0.0388004
2.60796
-0.815752
0.122349
-6.43354
-2.37914
1.4645
0.85543
0.0441274
-1.29068
0.725768
10.44
0.192152
-1.89407
0.991535
0.157162
-1.84114
-0.573727
-0.83641
0.942601
-0.495197
0.84244
0.0891087
-3.84571
-0.108149
0.200938
-0.50058
-0.290473
0.288168
-0.959182
0.451249
-1.06578
0.406975
1.10737
0.451137
-0.248962
7.08541
-0.921709
0.633159
-0.779843
7.88011
-0.436944
-0.722544
-3.59982
-0.319865
4.22312
-0.318663
-1.94694
2.06953
0.337767
1.02357
5.60358
7.29697
1.52986
-1.07217
0.607228
1.4761
-224.91
0.00433433
-0.036596
0.13667
0.327954
0.0746061
0.647331
0.564838
-0.717526
-5.49632
-2.14677
-0.518412
-6.33492
1.09216
0.904451
-2.02239
-1.28413
1.56327
-2.77353
-10.88
1.51462
2.73007
-0.310298
-0.937163
-1.92166
1.17699
0.495149
-0.525419
4.31492
1.86572
4.72212
-0.337313
-0.523577
1.2171
7.78213
0.248376
-14.5028
1.04718
-2.18556
1.51732
0.521258
48.0905
8.43177
-0.48001
-0.358219
-1.04124
0.474687
0.0706403
-3.46088
0.295712
0.892678
4.47316
-0.43978
0.452851
-33.9478
-9.6515
-1.46508
0.93563
-0.385198
-1.37868
2.42718
1.53164
-0.115716
-1.93782
-0.344116
-2.04109
-0.231932
-0.246099
-0.819307
-4.86359
0.155859
-18.5303
0.90599
0.25228
0.750451
0.517177
3.06526
-1.76955
-0.575127
0.313738
-2.822
1.62833
5.9779
0.882562
-0.27516
-0.792699
-4.5095
1.87072
0.277876
2.9799
0.369136
-0.359431
-0.505789
0.152445
0.333261
36.8758
-4.42588
-1.89059
-2.96015
6.81452
-0.669718
2.79074
-0.62906
0.054445
6.51276
2.61504
0.499607
-5.42473
-3.33342
-1.21063
0.687718
0.319958
-1.98928
-1.23264
0.283026
-0.778188
-2.44713
0.00189031
-0.864398
-0.208857
1.5967
-3.65227
0.0918433
-0.103692
1.00188
-1.17116
0.70095
3.52947
-1.56515
-0.184865
-10.6229
2.96008
-1.76723
1.63791
2.91914
-0.641916
4.69381
-0.536085
3.70794
-12.6045
0.194191
-2.61211
0.832749
8.33345
-2.80964
-1.3903
-7.3036
-1.19747
0.07378
-0.989951
1.03669
9.71906
3.13458
-0.516283
-5.19196
-2.86907
0.159664
-0.0151642
-0.0337699
1.48849
4.59849
-0.848926
0.00146471
0.830752
0.385005
-2.218
-0.525276
-1.58
-1.20816
1.99018
-0.395022
-0.449828
-1.27275
1.05871
-0.568689
0.460056
-1.12493
130.142
-0.269603
15.0415
-0.610564
1.02603
-2.20045
0.83061
-0.417337
0.26308
0.29073
0.0191305
15.5523
3.18401
-1.85848
-0.476277
-2.69925
12.437
1.2495
-1.16786
2.02733
-5.67018
-0.636253
-0.0282558
-0.548468
0.913863
270.698
0.417117
3.14325
-0.0706823
1.11977
26.4137
-10.8995
1.12399
-0.0366705
0.466719
-1.39494
-0.00351048
-1.40391
-2.35123
-0.0102855
1.0985
1.27918
0.178342
0.219187
35.2439
-0.24785
-0.514568
-10.1516
0.328856
1.71584
0.452917
-15.9095
-2.33012
-5.0847
-0.867308
-0.36738
-3.64425
-1.47647
-1.15511
1.24116
-0.160627
0.24845
-2.59511
0.217639
-0.22765
-0.93999
6.59049
-2.59111
0.399311
-1.23977
-0.8571
-2.24724
-0.0681503
0.679265
14.6353
-5.10323
1.52264
2.82246
-3.38133
-0.58116
-0.793561
0.345328
-4.1715
3.59748
-2.03606
-96.8694
3.94183
2.39037
0.892649
-1.23238
-2.25611
-32.8445
-2.1846
-0.341833
-0.746091
1.38668
-0.259482
6.50941
-0.120623
-14.7318
1.09034
1.15082
-1.49047
-0.472173
2.24792
4.04496
-1.32571
0.622844
-1.62283
-16.9281
3.38211
1.04426
-0.160855
0.402075
0.372017
-379.262
-0.587551
-0.0177088
-0.862246
-2.98662
-1.09178
0.493531
1.61614
0.199486
-7.42743
1.44538
4.66525
-11.0118
-0.660617
5.4684
0.591127
0.445604
0.0159416
-32.4435
-1.04586
10.2948
-0.468349
0.145685
-0.972099
0.987246
-0.564021
-10.2035
-5.66531
0.914626
0.368359
-0.870268
-4.48537
-1.03246
-0.0570678
1.34623
-0.76687
1.51248
4.02117
1.88723
-1.71544
-10.7295
4.42407
0.379675
-0.908004
-3.06111
12.121
0.472263
0.775308
-46.3932
-0.996148
0.583756
-0.491683
-1.21315
13.9831
4.20077
1.14049
-0.852268
1.27442
0.224042
2.0227
-38.8059
0.139468
0.604385
0.305818
-0.378977
-2.41312
-0.02805
1.66408
1.53167
-0.404732
4.14242
0.765994
0.631156
1.05742
0.763119
3.34321
0.758018
6.71581
0.391138
2.049
-0.936914
15.2551
-3.94849
0.108901
4.41108
2.21275
-0.600597
2.9147
-47.8942
2.33323
-0.22116
0.00664746
-1.31156
0.217719
0.194607
-1.85602
-0.16625
2.76589
0.725116
-0.645568
0.0319733
0.658742
0.896858
-2.55008
-0.581969
6.69187
-1.74712
0.25819
0.640617
1.01048
-12.4007
2.77253
-4.81516
-4.21482
12.0449
4.66924
-0.825769
5.75235
5.81185
0.67761
2.2468
0.95415
-1.8347
3.68174
7.3206
0.873028
-0.831479
-0.570822
-0.0263124
0.994381
-0.956273
-1.86635
0.652988
-2.20717
-1.05747
-3.84552
0.597688
0.0554609
-0.560777
-51.0487
0.576993
3.6015
-0.395558
0.716444
0.457422
5.65344
1.74223
-0.910997
5.92409
0.950991
-1.41574
0.092371
-13.3212
-2.02655
-2.0989
2.68589
-0.457988
0.663919
0.814471
-2.06831
-12.6453
-3.00366
0.200497
-0.493491
2.34452
-0.300957
62.3012
4.78719
13.5716
5.58087
-1.15419
0.178509
4.5582
-40.8947
0.0864039
-8.79312
0.489042
-0.792469
-106.88
0.307767
-3.14216
0.316084
0.127792
0.694771
2.81583
-0.167852
-0.602031
-1.43894
-0.824593
-0.959479
-0.146271
-5.34587
0.951431
-2.72012
2.13668
0.112289
0.697212
-19.5981
0.138876
1.50135
-1.4386
-0.193894
-0.656699
0.239914
0.488393
0.215188
-0.561276
1.24111
2.08957
-14.6582
-2.40127
5.71485
0.244622
-1.78731
1.2045
0.0889231
0.325649
4.66328
32.6893
0.877158
-1.41799
0.716089
0.434749
0.596264
0.666838
-1.11228
0.534466
-3.34556
-3.27049
-0.208323
5.8262
-0.0720013
-1.19753
-0.791879
0.100202
16.8277
-0.23215
-1.34871
0.45348
1.08897
-2.11075
-0.604041
-0.983349
-1.26536
29.4728
-0.732591
0.680952
0.453483
-0.274563
-1.44696
4.6536
-0.965577
3.01764
-0.547084
1.92464
-1.29655
0.198517
0.462471
-0.748878
0.228087
0.585096
0.419053
-0.179319
-1.76609
1.65589
1.56947
-0.933165
-0.769354
0.722467
-0.193651
1.47694
-1.17286
1.06783
-0.367483
0.142319
-0.28599
0.610981
-0.328269
0.0692603
-1.3916
1.17101
-0.0551407
-0.895148
0.247063
1.80098
0.779104
0.12157
-1.12782
0.116542
0.735512
9.34863
-0.378939
0.339995
-0.138091
1.35939
-0.263127
-4.71006
-1.27759
0.348
1.17777
2.80421
-1.20196
0.574653
0.103616
0.94349
2.92015
-1.41899
-30.1174
-1.75357
-0.35897
2.89973
-1.82681
1.14842
0.609788
-1.48123
-0.0328947
-1.36918
-2.89396
-0.179142
-1.05696
0.388346
-0.0479684
-1.07134
-0.116805
0.73637
0.168979
-1.25351
0.837343
1.79516
-0.865375
1.0043
0.226404
-1.19231
10.1674
0.599057
1.46243
1.92564
-0.246078
-0.0495385
16.8198
0.623706
-0.356838
-10.6437
0.099905
0.161828
0.00590871
0.547133
-1.31491
2.67248
1.51807
1.54237
9.62319
-0.427549
1.47052
-0.135806
0.380567
-2.03071
-3.16141
3.21534
0.636082
0.752509
0.934946
0.349664
0.0906935
-23.4905
-2.77586
-1.25435
-2.59915
0.144513
0.287038
2.05632
2.88572
-7.3632
-2.03888
-1.50656
0.200184
5.51288
-1.39509
-1.42958
-4.82358
0.0855725
0.948819
15.2532
2.87559
7.26224
-1.04326
4.06406
0.191178
1.61167
1.10323
-0.968937
-0.456831
2.13997
2.18393
-0.288742
-7.34269
1.05534
1.81937
2.16713
-1.13574
3.52971
4.24313
-0.820932
0.186858
-1.79231
-0.114047
-48.3957
-0.520958
-1.15766
-0.269775
-6.26711
0.598085
-3.03808
-0.141869
0.759976
0.63834
-0.345326
0.941205
-0.233475
0.524504
24.6679
-3.50179
-4.07044
-8.46607
-1.70265
0.501773
3.47249
-0.872709
17.0441
-0.0628983
1.11485
-4.3515
0.231579
-3.00882
-1.87941
-0.574301
0.756393
2.79076
-0.894533
2.63676
0.245514
0.9759
-0.743171
0.720729
-1.49363
-0.152334
-1.12158
-0.431538
-0.277422
-0.891017
1.07171
30.7552
2.22158
-33.8082
2.45382
-1.7228
-0.268496
0.0675002
0.538736
1.14805
-2.01169
0.173029
-7.76197
-1.07233
-1.57692
1.58535
1.1495
0.854
-1.02846
-0.807058
96.2398
-19.9241
1.08307
-16.1351
-5.8012
-7.92231
0.225649
7.87369
-8.64926
1.39349
0.419158
5.80688
2.92035
0.92728
-0.252708
2.33478
-0.926586
0.517127
1.02685
0.413742
-8.59804
-0.499541
0.14658
-0.184318
-1.74673
0.948858
-2.1184
0.432103
9.23222
-8.60695
-0.770055
59.6635
15.3299
-0.546135
3.62679
-0.0214513
-0.155398
-5.80333
1.51835
0.615254
0.0947795
0.674527
2.03165
-1.15911
-2.87109
0.078535
0.854311
0.753996
-0.770317
-1.70254
0.992243
0.883036
-0.679477
2.02637
-2.09944
10.4053
-1.31292
-1.05018
0.921711
-1.86507
0.0621969
1.07887
-0.0543126
6.37955
0.819508
-0.618202
-0.773129
-1.61627
1.00485
-4.3397
0.461667
-8.48339
-0.171286
-0.961369
0.108173
0.680919
1.34422
0.690073
0.366318
1.03796
138.059
0.0423929
2.26017
-14.4665
0.415336
0.414777
-0.00165104
0.794747
0.607218
1.95335
-1.46467
-2.0243
0.242024
-0.6485
2.6109
-3.28375
-0.163404
-0.749963
-1.22267
-9.33195
-1.57595
-1.93374
0.0796272
1.49062
-6.48088
2.03633
5.3969
-1.67182
0.560049
1.51919
-1.05082
1.3951
1.0208
0.762312
-2.13574
-0.355003
-3.73181
8.10919
-3.14801
1.08677
-0.820509
1.60277
1.39117
-0.0514928
0.819115
7.00286
-1.30519
0.243392
-0.310421
-1.60524
-0.871993
-0.341403
4.22318
0.923948
94.9609
3.00756
-1.97527
2.14343
4.39297
-0.911774
2.50999
0.771782
0.404075
2.88266
-1.0535
0.734921
22.0046
-5.39878
-0.0132416
0.0266675
-9.42187
-28.1026
-6.53254
0.174441
-0.555698
-1.39507
-1.88304
5.95595
1.32444
1.24349
3.57656
-1.78105
3.70396
1.36339
1.2841
80.8691
2.07582
3.70496
-1.24673
0.0467631
1.33584
0.112902
0.0686374
1.31252
9.59395
0.411645
-16.9064
-8.62867
0.678587
-0.367006
0.191625
1.23366
0.686239
0.475749
0.025293
-9.07833
0.738582
0.0361106
-0.890901
-4.8634
-13.4465
-1.45543
2.33659
-10.6177
-0.0552219
0.761165
0.701051
0.370794
0.215738
1.24187
0.581524
0.315369
0.0666052
-3.20548
1.23338
-0.122119
4.18122
0.615299
7.50749
6.07846
6.74171
-2.32535
4.95641
-1.8465
1.16687
0.973965
-1.46224
-2.60971
-0.377738
-0.400848
-7.3651
0.383599
-2.74404
0.814225
-3.7375
-1.34596
-4.27337
-10.8199
-0.778006
0.461726
0.888245
0.327717
-1.15834
0.841818
0.246886
0.29913
-3.6663
1.14588
-8.48451
-0.446863
1.90691
-0.27466
-0.229853
-0.149493
0.0134475
0.0109455
-2.95577
-0.727358
2.14728
-3.08777
0.189772
-0.807521
0.15918
-42.4947
-0.307405
-0.777013
0.112151
3.26999
3.40445
-0.351236
0.61619
-0.462215
-5.63333
1.95078
2.04041
-1.32674
1.14711
0.369102
-1.46362
0.828632
-1.61372
3.94399
1.79874
0.412935
0.465511
0.986999
6.18467
0.952949
-2.87005
-2.75125
-4.41927
0.276081
-1.37764
50.4085
-0.245132
-4.01648
2.20626
1.10218
0.486617
1.04105
0.109626
3.39747
0.150842
1.48775
-0.877571
-10.5927
0.966002
0.766694
-0.0141012
0.0444867
-1.23924
7.2037
-0.302863
1.81336
-3.00872
7.91572
-1.91125
0.565005
-6.67714
-0.747485
-9.9313
2.26424
1.73224
0.0961607
138.409
0.61321
-0.499496
0.14565
-0.575811
0.195855
-1.26889
4.41075
-0.865289
-0.326394
1.65143
-1.58734
-1.26758
-0.73529
1.92005
-2.35089
-0.188293
0.523012
-1.3547
-5.43773
-0.366405
1.1781
1.50122
2.92252
0.669775
-6.22678
0.0317395
1.50409
3.97926
28.1234
0.80989
-0.593638
1.53263
0.503055
-0.791136
1.11094
-2.00252
0.878407
-2.99078
-0.235128
-2.81155
0.63518
-6.02679
1.31834
-1.61704
2.39535
-1.16895
0.18903
-0.375734
0.621921
-0.534214
-0.27848
0.305742
2.04178
-2.45463
0.520451
-1.12841
-0.404154
-2.0217
-1.3126
1.47309
3.85966
-0.314935
0.414686
-1.67248
-0.301707
0.241498
-5.80472
-1.52075
-3.73799
-0.89973
-0.569047
1.56493
-0.42433
9.91324
0.773414
0.315764
1.14895
1.20339
-1.78335
-2.36706
-92.0248
0.765078
0.0925868
0.241209
1.59317
0.383441
0.7866
6.33354
-1.92114
34.6162
-0.357741
4.21607
-0.385684
0.688163
0.0933527
-0.567128
-0.279941
0.316937
5.53626
14.9594
0.909248
0.617867
-6.85696
-0.974187
0.343822
-1.60381
13.788
-1.94714
0.16203
7.05382
-1.14585
2.34043
-0.621712
-0.0919011
0.107883
-0.190194
0.255091
36.2647
0.355861
0.176866
0.394356
0.39749
0.239458
-0.253195
1.46932
2.00412
1.40579
-0.120003
-0.190241
-0.686776
-5.44821
0.775752
1.24698
-0.929905
-0.0837811
0.0372467
-0.0290675
0.229809
0.338377
-1.70635
-0.435969
-0.952014
-0.631654
-1.6109
-0.344536
1.44148
0.335863
1.56142
1.40152
-0.14242
5.33157
-0.164327
0.00152534
-0.907103
0.547228
0.929617
-0.728489
0.204442
-0.0872628
4.59062
4.8676
0.843549
1.01642
-0.0120735
8.9391
-74.7404
-0.0560545
-3.72584
-0.973525
-12.1751
1.27774
-11.0787
1.65857
-0.114775
0.262725
0.212026
-1.36535
0.262038
0.636404
0.897849
-0.07159
0.943541
0.37015
-0.408794
-0.0832234
1.96607
1.08699
-0.813501
0.484138
-1.37794
0.554395
-6.09174
0.513428
-0.108274
0.791253
2.8439
0.677045
0.7047
1.79686
-0.334276
-0.804696
-0.17456
-1.51999
0.0785198
1.60777
-0.242499
-4.90818
-0.0812208
-1.16139
7.53193
-1.82218
0.232876
-0.760186
-0.733515
-0.261781
0.702202
-0.527313
-0.393885
-7.20175
-0.0809574
-1.37563
2.27726
2.14579
-3.47489
-1.01383
-0.632275
6.65669
-76.9871
0.325346
-2.83758
-9.59594
0.71204
0.849194
4.1164
1.69263
-1.10666
-0.795549
-4.19402
-8.12947
1.99052
-0.189462
0.729271
0.204885
-0.886449
4.12748
-0.282833
-1.42262
-0.203813
-0.667391
0.574863
0.65986
-14.7049
-1.0509
-4.13962
1.5621
-0.789305
-2.03144
0.684964
0.1788
0.302243
-2.16733
-0.59976
2.13325
8.93488
0.281036
0.566432
-0.997583
-7.05343
0.250753
-0.84581
-0.952853
-2.21978
1.38808
2.64821
0.21461
-1.43495
-0.755933
0.120439
2.78996
0.287113
-1.03868
0.564142
-1.96988
0.651869
1.11809
-0.228768
1.59223
1.3296
-46.2214
1.00106
-0.0335517
-0.315294
0.25969
3.55986
0.691739
-0.448446
-0.623705
-9.54144
19.0071
-0.828078
1.25622
-3.3826
-1.34655
7.56449
-0.0654984
-4.67357
3.58027
0.626033
-0.518473
-3.91947
0.424117
1.71362
0.678835
-2.50756
7.03118
2.28912
0.457558
-1.20428
-0.143743
-2.69297
-0.245157
-1.81226
0.489346
2.89845
0.617848
-0.28404
-5.59311
-0.359804
-2.32399
-1.81725
-0.234258
-0.721273
2.43985
0.114798
-3.9651
-0.544305
1.40279
-10.996
-1.45388
1.3734
11.4587
51.5296
-1.14668
0.224872
-2.40684
5.40826
3.94558
1.24164
26.052
-0.136693
0.678532
0.309162
-1.28879
20.0576
-49.7604
-1.58539
0.531595
-0.250226
3.07845
-1.27695
1.13515
0.278408
-0.273937
0.219238
0.161119
0.453096
-4.0223
1.39565
0.185763
-0.672157
-0.0922911
1.98857
-26.5221
0.628994
0.117363
2.48737
-3.40903
-0.89449
2.79371
1.84012
0.415482
11.5634
1.50021
-0.280167
-0.804179
-0.648577
-3.39762
0.456512
0.430211
0.037525
-0.116958
0.92732
-14.09
2.58777
3.20784
-0.373897
-0.127147
6.95762
0.198431
3.33777
-0.0315626
1.19346
-0.86443
-2.53282
-0.334787
12.2063
20.7689
1.99036
-0.550402
-1.32096
-0.0869637
1.6747
-1.24987
-3.12966
-0.822518
4.10221
3.17625
-13.4364
-3.37971
-2.40344
3.83657
1.01773
-1.65628
1.37256
3.66014
-1.17824
-2.48365
0.823422
0.810476
-0.939216
0.0523012
-0.780006
0.216673
2.65098
1.65597
-0.177627
3.19571
3.05691
-1.16557
-1.84201
0.159746
-0.134509
0.412744
2.67727
-1.1177
-2.34818
0.540701
-0.714933
0.636242
-2.76383
-0.303281
1.41955
-4.63481
-0.677908
0.333318
-0.269185
1.51917
-7.30973
1.64056
0.389917
-2.59877
-2.18646
-0.718254
-0.952514
-1.09126
-1.73787
-1.11211
0.0649321
-0.249646
-1.04399
0.538641
-0.705826
0.592615
1.74536
-1.46098
-0.99349
-1.28296
0.0342199
0.496477
0.910332
11.4342
-0.736912
-1.22418
0.544473
0.357329
-0.213563
-5.68064
0.0709796
-1.58962
-0.667094
-0.765167
0.533767
3.14268
-2.95814
145.241
1.02842
0.105324
3.89293
35.3774
10.2044
0.574917
-0.835911
-1.95126
0.765659
2.2272
0.2864
-0.482975
0.48052
-6.9464
0.796473
0.741351
-0.818816
3.38402
-0.826302
0.756154
-5.08893
-1.50259
-1.41316
-0.603224
-0.288002
0.833046
-1.00305
-0.396331
2.68618
-1.01305
-0.987404
2.02519
-1.25387
1.40172
0.862015
0.318806
-0.91527
1.14608
0.555891
9.21904
0.250312
-0.820774
12.413
0.851431
0.817102
0.990645
0.572563
-1.55742
2.99287
-0.788351
0.173359
16.5531
0.746475
-0.261942
0.373744
-0.0288938
-2.62441
-1.05058
0.156096
-0.623496
0.767899
-0.127799
9.3311
-2.13663
-0.040768
8.52548
5.3763
0.968725
0.126112
4.55374
-0.706062
-1.82674
-1.3294
-0.323304
6.2628
-0.95707
2.49223
-1.85649
0.716684
-6.01776
5.33817
-0.778145
-0.721476
-0.342954
-1.17335
7.26273
0.664589
0.541834
-0.50513
1.15067
-2.04292
1.08231
-0.295211
-1.3837
-1.11227
-0.269171
-0.742126
0.950259
4.26557
0.575443
0.883851
0.558426
2.67642
-14.4873
-1.3608
-0.716594
-1.68878
-0.192289
2.83093
0.808161
0.270787
-1.12486
0.596246
-1.69395
-0.0973449
-0.530356
1.66595
-3.5465
-2.02919
0.187119
1.57648
0.000646202
-1.17422
1.03527
-0.116155
-1.83955
-3.07146
6.23279
-0.136341
0.657397
-0.0231934
0.69745
-0.420269
2.44501
0.568182
1.04569
3.03072
5.49629
-0.423424
-0.0200179
0.0436201
0.0947163
-0.0883968
-3.35332
-1.95079
1.62343
0.191095
-0.219382
1.37694
11.8163
3.38653
-0.328182
-0.788223
-7.42407
-0.695011
-0.0305324
-0.785255
0.355632
-3.99259
1.00976
-2.21621
-0.646973
-1.40712
0.876072
0.314539
-0.234547
-0.595166
2.94735
-0.680711
-0.136781
-0.189951
-2.34687
-4.37862
1.50533
18.1091
0.45517
0.234741
-0.168544
-1.47206
-1.234
3.06558
-0.468794
5.49823
-1.54976
-1.66024
0.885883
0.177568
1.32103
0.970106
-0.205201
0.228618
-0.331154
4.70048
-0.198578
-2.59737
-0.540775
0.560547
4.41941
1.04247
-4.52413
-0.0148027
-0.716185
1.26143
7.98295
-2.85092
-1.28888
-2.4343
0.377085
1.25085
1.11989
-5.35678
0.309076
-2.38189
0.885165
0.379541
4.50169
-0.784758
-1.64367
1.4819
-0.13009
-0.298947
0.194405
-13.5146
0.532008
-1.61589
1.0724
0.266513
-2.00223
-1.05335
6.85403
-0.835218
0.834342
0.136338
-6.92863
-8.19295
-1.54019
4.20663
-0.351553
-2.03777
0.0367454
-0.326795
1.67238
0.56605
1.73652
0.0711763
0.391089
-0.60134
0.700456
-1.21377
0.188127
1.69775
-0.186185
0.0818926
-0.0881555
-0.194116
3.82842
-3.2016
2.50676
-9.0822
3.82717
3.68628
-0.488668
0.939576
-0.309693
0.499657
-0.371116
-1.15169
-0.356945
2.29927
-0.801666
0.392548
0.180776
-0.181596
0.535157
-0.928753
-0.133857
0.0481451
-10.7137
-0.950799
-3.23965
0.812664
0.451135
-15.6371
0.994485
2.41231
-1.07377
-0.029669
-3.56808
0.745891
5.29477
-1.50623
-4.6149
0.355004
-0.774812
0.782841
1.57171
2.09525
-1.77672
-0.49938
-14.7084
4.14084
-1.22942
-0.413196
0.309097
2.4265
-0.0642797
-2.95717
11.321
-1.34068
0.530698
-0.137953
-0.582739
-1.82553
-1.40916
-0.74409
-0.0944933
1.00981
0.00508256
48.1927
2.74761
-1.41246
0.154649
-1.53079
1.44736
-0.763872
-0.278556
0.050541
-0.0699177
-2.55903
4.44685
0.114197
4.16421
0.632085
-0.0613596
-0.291913
0.521473
5.03238
0.101745
0.468177
0.36035
0.0880509
7.96511
1.83533
-0.714087
0.664061
-0.304267
0.649782
-2.28303
-1.14827
-4.35313
-9.63088
34.4907
0.725995
0.914413
1.28847
0.330317
-0.627338
-21.0865
1.32312
-0.902089
-1.52984
1.9857
-0.17327
0.00994964
-1.33806
0.147754
0.089796
-0.545093
0.501466
-0.521015
0.141172
0.112465
-0.388138
-0.508381
-0.819052
2.37172
1.04669
2.32443
1.27044
-6.9396
-0.373619
-1.31336
18.5005
0.52714
-1.19767
0.75983
-0.393996
0.552949
0.181323
1.46086
1.33247
-2.3004
-1.39394
-72.8557
0.606859
-0.741304
0.180086
0.118251
3.73691
0.103461
-0.287297
-0.461728
0.412512
0.717107
3.2195
-1.02595
-1.5507
-1.2584
0.00135033
0.335116
-0.52478
0.067421
-0.625021
0.427134
3.01462
-0.0350606
-2.48031
-0.542973
0.0915565
-0.610152
1.55743
-0.853442
1.90153
39.8541
-0.0421798
1.24312
7.65437
1.24999
-1.53575
-2.20432
1.11552
-1.05899
-2.42702
0.228024
-1.03575
2.95768
8.85803
2.40651
5.21322
-0.88549
-1.46989
-3.82579
-0.461594
-1.0876
27.0419
-1.73309
-7.68302
0.257879
0.650592
26.2081
-0.634987
1.03442
0.270383
-1.40235
-2.70599
-14.7559
-8.58377
-4.15509
-0.842037
1.23454
-0.523093
-1.00744
1.48004
-1.96283
1.089
-0.863832
3.72019
0.0634585
-1.11376
-0.34469
-0.376882
-10.1321
-0.571339
-5.70148
-49.1163
2.39478
-1.89934
0.548616
-0.119931
-4.1207
1.90557
0.0263066
0.296136
0.591953
-2.01995
13.3806
0.485923
-0.814413
-0.406289
-1.18648
-1.85795
-0.304247
0.0699015
-0.517511
0.0656585
-1.51415
4.51964
0.776998
20.214
0.698184
0.122716
0.0736619
0.350524
-0.424416
-22.3683
-0.762521
0.489493
3.38447
-1.19226
2.18652
1.75229
0.534162
-1.87525
1.62736
0.451242
-1.18325
-0.745455
-11.544
-4.11266
0.111894
-3.06663
0.0518614
7.85528
-2.87937
21.2009
4.13304
-470.449
-0.410717
0.0837875
-1.71985
-0.946021
0.363919
-1.66066
-5.38147
2.76539
1.35004
5.83892
0.66898
5.85435
-0.481734
3.6878
0.780649
0.179833
0.388572
-2.92097
1.72828
0.179366
0.687031
0.802356
-1.09818
0.157067
3.4789
-0.575413
-0.564815
0.701794
0.893662
-0.805755
-3.42639
3.11758
-0.262747
3.3697
0.0415422
1.89242
8.67405
-3.97947
-0.0586997
7.50321
-1.66646
11.8116
0.506703
0.0686963
-11.2636
1.67311
-0.553625
-5.0796
0.457675
1.23995
-7.52067
13.3062
-0.445678
-1.2945
-3.43941
-2.81057
-0.237331
-1.95379
-7.19763
-1.04701
-1.3413
80.0546
0.0815947
55.1207
0.790929
-1.46838
-0.424838
-2.56955
-0.162965
-1.50649
1.03329
-3.29495
-4.33099
-2.80092
2.14282
-0.276346
1.74852
-2.40548
1.03417
0.399811
-0.813981
-1.06515
0.917092
-0.837353
-0.24721
4.45035
-1.17816
1.12708
-0.747381
-2.77881
-8.92026
-0.0982842
-0.509748
0.421247
0.956239
0.188034
0.107433
-246.1
-0.209451
-0.26263
1.15918
-2.07725
-1.7917
0.728678
-0.0817513
-42.6549
-0.845464
0.64116
29.4019
0.518215
4.32021
2.81559
0.159983
1.33307
-1.46089
0.544981
-22.8665
0.437657
0.525417
0.0259208
8.42992
-4.74715
1.50337
-1.2025
0.136052
-1.42715
1.23388
1.83692
-2.58579
-1.02752
95.6642
-1.27832
1.17049
0.0578639
1.51345
-11.0078
-0.956113
-0.265686
-1.48147
-0.308116
-1.64806
-0.127011
0.735683
-1.85328
0.815821
1.14429
-1.82128
-0.702473
0.9578
-4.24793
-1.49563
-0.678707
-1.78844
5.19971
7.60292
0.846756
-5.82696
-0.281805
-0.583183
-4.984
-1.41802
-0.0762567
330.162
0.576511
1.07761
-0.131434
0.137275
14.2506
-0.0898339
-1.65514
-1.74561
-9.95857
0.735378
2.42371
0.489137
0.325968
-13.6876
3.80595
0.0770488
0.76316
-0.986449
0.933049
0.642316
-0.250318
0.346031
-0.327408
0.342614
1.31189
1.16606
0.810235
-1.18395
0.545335
1.43202
0.18077
0.130825
0.190427
1.09111
-0.581648
0.551352
-1.1196
1.32978
-1.07982
0.16994
3.72212
4.32653
3.67469
-0.427558
0.295207
2.53942
-3.68651
0.524704
-1.80699
0.400653
0.125127
0.846321
0.843137
-0.178944
0.589378
0.279992
-1.68264
0.955819
0.997887
-0.234674
-1.77908
-0.187844
-5.52077
0.662805
2.32532
-0.0556795
-21.3798
13.7823
27.1858
0.109025
1.3641
0.839962
-0.126192
-0.471877
-3.28175
-0.361377
0.43169
-0.57285
-5.48534
-4.99834
-0.25245
-0.650746
1.52869
0.0154663
-0.00240355
-0.787245
-0.486093
-0.70559
3.73586
-1.61902
3.30976
0.473977
-10.7338
0.00390248
0.274805
-2.17604
0.355689
-0.0929475
-19.1608
-1.43884
1.83208
13.7944
-0.760942
-2.18619
1.18184
0.479457
2.32419
0.897343
-58.7476
0.941668
-0.479637
1.39193
-0.140845
-0.525838
-0.581262
3.26592
0.19506
0.248607
-1.05923
-5.39395
1.23375
0.613615
-0.315831
-0.124283
2.09728
5.4599
-3.84859
-0.653058
0.120846
0.223725
-0.311765
-4.84635
2.02164
0.326081
0.0620104
0.269862
-0.219465
3.11637
4.45957
1.29124
-2.32284
0.886737
0.475817
-0.540914
-0.687655
4.47613
-2.62364
0.509689
1.2497
-0.67569
0.683775
-0.573697
-1.65102
-1.24758
-0.799523
-2.60355
11.5756
0.0119321
0.237863
-1.45352
1.57131
-1.50707
0.189309
-0.208973
-0.927346
-1.16289
0.133465
1.00437
0.42903
0.987029
-1.01207
1.94342
7.49842
-11.7788
0.555661
0.931114
69.6623
-2.37348
-1.94215
0.420035
0.371112
0.705868
-1.24458
-2.56987
-0.730047
0.213885
-0.515949
-0.0696547
10.3118
0.581244
-0.16371
6.9712
-1.70539
-0.248433
0.29065
-9.7449
-1.03251
-0.207905
0.93946
-4.0694
-0.0414177
1.21386
0.354428
3.42661
-0.559994
-2.24008
-2.57657
1.46972
1.16221
0.455528
25.3729
0.183787
2.73314
2.41614
186.191
0.0848438
0.415155
-2.25296
1.93754
1.19223
0.109575
0.309516
0.840789
-0.00783971
3.05451
1.99143
-0.194917
-0.364038
-1.4475
5.17564
-0.40551
1.06805
0.474213
1.35371
2.53537
0.344046
2.1921
-1.43382
-0.292072
-2.00486
0.985611
-0.0776262
-2.14458
-0.0487096
-5.2712
-2.18189
0.556603
4.34698
0.656775
-51.1104
-0.731518
-1.10695
-0.0230004
-2.237
-2.78264
-0.153038
-0.366999
-0.512081
-1.90984
0.086642
0.1435
-6.22936
-1.21636
0.548662
-1.53419
-2.317
-3.13657
-1.54252
-1.03051
0.275126
-14.4804
1.15554
1.27967
-0.0108608
1.59135
0.485
-0.364825
0.196801
0.306261
1.09944
-1.57644
1.02121
2.05008
0.546754
-1.32815
0.305089
-0.359128
-24.0944
0.656781
-0.40883
0.524266
1.44802
-1.33236
-1.33143
-0.31435
0.597165
-5.80321
-0.955099
0.84262
7.73734
1.07025
0.245184
-0.794449
19.21
-0.0225534
0.481518
1.10526
0.440785
-0.830381
-0.283669
0.600581
-0.240487
-0.839585
-493.307
1.30937
0.0310716
1.86997
-0.527764
-3.88793
-0.216064
0.0966433
0.609056
-0.803962
4.36849
5.06295
-0.285574
-0.534656
-1.33038
2.5488
-2.05283
4.5794
1.14727
0.00509048
0.00890051
0.576616
-0.174501
0.378626
-0.0999924
-1.95931
0.659555
-0.0208197
-0.532615
0.329379
-0.917987
0.189013
1.28136
-2.05295
0.0934097
-0.0182238
-3.10573
-4.94036
3.59558
-0.933409
0.780583
-4.18505
-1.03961
0.279764
-2.81795
294.385
0.130865
2.94243
-1.30769
-0.575858
2.03063
-1.36459
-2.26796
0.704002
2.6944
1.04418
2.20348
0.289047
-1.15699
-1.19309
-1.61628
1.19969
-2.50737
0.428287
-1.595
0.515704
-1.58162
0.375144
-0.20236
-0.335225
4.20415
3.9896
1.17807
0.67084
-0.0816265
-0.225229
5.31717
0.602131
-0.453639
0.413494
0.0212658
0.181782
-5.28065
-0.0777155
-0.415836
-43.8737
-0.895771
0.351576
0.501452
-1.24315
2.42306
0.571226
0.912951
-0.940181
-0.0358329
-1.83469
-2.3256
14.0735
1.75453
0.299923
-0.627269
-0.944645
-1.05549
1.96964
0.0608933
-0.364097
-0.99487
10.5264
-0.699156
1.11315
35.7019
0.171164
0.538141
-1.89714
-2.02715
3.54587
0.0978723
0.382508
-3.55405
-1.92629
6.78802
0.482526
-1.14542
1.04938
0.857831
-0.0566418
-10.896
-2.19243
4.50172
-0.0191804
1.45873
-1.40895
-0.560133
7.3951
0.961426
1.44849
-0.0994896
-6.46174
-0.0642987
1.04222
0.66433
1.23258
3.79461
1.26399
-0.99082
2.92785
-0.135847
-1.2528
-2.55943
-0.781297
9.97906
-6.50046
2.9214
0.517622
1.22126
6.76067
-2.34283
1.24695
-3.1509
0.360615
0.244152
-0.183877
-0.66579
1.2689
-0.325284
-1.45175
-2.50395
-0.29113
0.564907
-1.75683
6.67044
-1.16184
0.710049
-0.23711
0.534563
-0.274279
-0.8885
0.651534
-0.409644
2.06567
2.81713
-0.0974554
0.689659
-0.403654
-1.01207
-0.421203
-1.78019
3.10968
-1.18163
1.30568
1.85823
-0.181514
-0.304677
0.638411
-1.57118
-4.07514
4.70566
-0.196404
1.18
-0.824484
-0.0383711
-562.492
0.686199
0.399888
1.2752
1.64648
7.18279
-1.84226
12.354
0.145322
-0.683239
-1.44941
0.699599
-3.03017
1.85665
-0.156632
-0.0202348
13.7313
-0.926846
0.00864547
15.5988
-2.84244
-0.169837
-0.707751
-0.0952118
-1.77163
0.160047
0.445147
0.806638
-2.33915
-0.586677
-0.101675
-0.4983
0.0440161
105.932
-1.8901
13.9502
-0.0921791
-15.1058
1.10533
0.154936
0.209569
-3.59954
0.124635
2.30019
0.736149
-0.00266796
-19.3562
0.393231
0.672185
-1.49153
0.590301
-0.528007
-0.12726
-2.20251
-3.14581
1.82394
-1.45192
-0.108378
1.71083
1.0117
-1.1141
-2.25187
0.297296
-1.75486
0.329984
2.08613
-0.649672
2.7991
0.0554726
0.216259
1.76611
1.78447
0.389283
-1.03345
-0.770805
1.60082
-1.50248
0.395238
-6.1186
0.267625
-3.70438
0.840787
0.622078
-0.313622
-2.02241
-1.44999
-1.72395
-2.66512
0.560822
0.198306
-1.38861
0.0336764
-2.4061
-1.28093
4.42242
0.182809
-0.818019
-3.21609
-1.89883
-0.1748
0.404762
-3.55168
0.351457
-1.0043
6.00235
-0.0968459
-10.5953
1.89728
27.9458
1.32286
-0.886997
0.69036
1.33442
-1.53702
-0.19828
2.69292
-1.44067
0.212064
7.41204
0.356669
1.69923
-2.14108
0.51305
-0.419224
-0.699229
-9.60929
0.195692
4.67896
-3.83657
-0.572664
0.603011
-0.212976
0.0079514
9.96219
-1.75938
3.98301
0.505009
-0.858124
1.00149
-0.241089
-0.168222
0.465197
-12.9438
0.0504339
-0.0254504
-0.25995
0.0395355
2.7392
-0.59197
-0.397159
0.478788
-0.152739
-1.86411
4.04123
1.20261
0.422081
0.665012
2.51347
1.36862
5.28564
-0.843141
-1.95153
-0.37456
0.788661
-2.67444
-1.38878
0.00430475
2.34707
0.342932
-2.28539
-0.0891564
0.918337
0.484527
0.806398
0.775049
0.759919
-0.830145
-0.795939
0.994302
-0.15981
0.14579
-40.9721
-0.486395
11.0376
-0.643897
-0.623845
-0.0755254
0.623185
1.18927
0.313113
17.2534
-2.28365
0.0766164
-0.548977
0.409416
2.58596
0.189418
23.6742
-0.415003
-0.775249
18.4021
0.886431
0.562898
1.86447
-0.295767
-0.117716
-0.313429
0.65663
0.932807
-2.53212
-28.0659
-0.922973
-23.1013
23.9554
0.11199
-0.30263
-0.013726
0.213146
-2.77999
139.729
-0.429124
-0.247449
-1.97817
-0.513654
1.06054
-1.24112
0.102096
0.120447
2.05769
-0.294213
-2.93405
0.319012
-0.34971
2.62631
-1.62064
4.25327
0.0393768
3.65846
-1.30763
-0.48353
-2.64942
-2.28232
0.576027
1.61471
0.317463
-1.18513
-1.58416
-8.2874
-1.1291
-0.497387
0.580644
-0.0954622
-0.0175408
-0.378814
-0.840085
-1.32903
-0.613735
1.32647
2.22216
7.0143
1.70676
-0.139304
11.7332
-3.36818
2.86604
3.52266
-0.680879
-0.452113
-2.94617
256.214
-0.539135
0.444397
-3.75149
-1.88012
-0.785403
3.76607
-0.089795
-5.38599
0.19888
-0.425353
-1.34529
-0.488277
-0.778713
0.34221
-2.05309
-2.24063
-0.413833
0.991836
2.22944
-0.165538
-2.90923
0.0369631
0.166013
2.52639
6.98938
-2.20823
0.388783
-0.62766
2.20282
3.63073
1.21315
-0.302474
3.36678
-5.0352
1.61809
-0.166805
41.4288
-0.219943
0.298257
-2.97837
-4.82906
0.131297
-0.999957
2.4201
-1.43964
-2.25436
0.834843
1.29873
1.94602
-0.432806
-4.2521
-0.0288751
7.9421
-0.631462
-0.609454
0.748661
2.64776
-0.720708
-3.15142
-0.470383
-0.374685
-0.8672
-3.88675
-3.15276
-0.0297413
-0.8625
0.194855
0.576629
3.73141
-0.0701109
-0.874278
0.675596
0.133441
-0.354394
-3.47859
-0.769493
0.565832
0.742762
0.895608
0.0742153
-0.310482
1.04635
-1.4052
-0.0575225
0.0173941
-0.209679
-2.82401
-1.76591
0.968132
0.552265
19.4562
-0.941744
-1.13207
-0.0798956
4.64606
-1.58861
-0.0863789
-3.25245
2.95418
2.13028
0.549136
0.302643
-0.653217
4.75148
3.01934
2.19842
-5.30851
0.243811
33.9092
0.338811
-0.871215
2.02519
2.83124
0.159013
2.74585
-0.106083
-0.618498
0.747154
-0.84402
-4.62084
0.67459
-0.237961
0.647609
14.9607
-0.0670235
0.601642
-1.01019
-0.528666
-0.419885
-0.0279736
2.03918
0.699504
-0.896897
3.10299
-0.442891
1.55952
-1.54372
0.241536
-4.864
0.18911
1.07266
0.194684
-2.39794
0.168637
4.59837
1.38202
-4.86269
0.273504
-1.67863
0.73894
0.277137
-1.79095
-0.757697
-1.1031
0.427314
1.37487
20.8523
-1.04127
-0.444967
1.24583
-5.06906
1.18584
0.0781598
1.98442
1.8527
0.0624977
0.599249
-0.770741
3.84275
7.77032
0.237141
7.77109
5.73729
-0.475178
3.575
-0.166482
0.991836
-1.28328
0.908643
0.333216
-0.8002
8.17644
-0.502818
-0.26713
-1.41439
-4.67027
-0.166518
0.210291
0.4075
2.63887
-2.82821
0.818236
3.0314
0.602591
-1.00579
-6.50807
10.2019
-5.13703
-0.325694
2.27131
-1.90128
0.534636
-9.40033
1.59862
0.289625
0.94368
3.58749
-0.240153
0.338453
18.5751
0.185221
1.05679
0.636949
-0.612309
0.108159
0.283424
1.22486
-15.7782
-0.884835
0.19772
0.254739
-0.299024
-0.485738
0.738564
-1.17935
-1.71655
2.28692
-0.614692
-0.319304
-0.651974
0.588682
0.359764
0.94341
3.25468
-0.152561
-3.41269
39.8328
2.62568
-1.86983
-1.17185
-0.393642
-0.112857
-0.255902
3.40782
-0.214598
-0.446737
-0.776268
-3.02024
-0.660429
0.838783
4.43353
-34.7386
0.18889
1.32933
0.277717
-1.1431
-0.134985
-67.3854
-0.113161
-1.1771
1.76686
0.909142
0.743451
-0.0517868
0.890095
1.6362
-516.593
0.472793
2.2577
0.111566
0.815645
-3.22814
0.39551
-1.22346
1.18356
-0.221602
0.0516371
-0.166986
0.973698
-9.18769
0.127866
1.41052
2.22426
-1.18621
0.89084
11.4947
0.509716
-3.89019
6.83043
0.906411
-1.53407
80.118
1.79424
-0.0537857
-1.64931
-0.367822
-0.355927
1.42781
-0.303988
-0.0560686
-0.578837
3.67437
2.44669
1.67439
-0.421282
-24.7781
2.28771
6.02327
2.93689
0.521196
-19.2222
2.29208
-1.89283
-0.249204
-0.688849
0.812394
4.30331
-1.15313
4.37545
-0.389549
-2.79543
4.06668
-0.0772541
0.778276
2.84724
0.0563629
-0.319803
-0.076079
8.771
-0.177558
-2.58044
-0.0362635
0.194788
0.320112
-0.810013
-2.20601
-86.835
0.587722
0.512488
-0.0917258
22.2126
-6.88056
-2.0881
0.877875
2.86999
-0.808781
77.4027
18.7857
0.836062
0.177423
1.08106
0.669542
-0.00956524
1.84353
-0.159043
10.1837
15.2406
-3.64562
-13.9186
0.264868
-16.1143
0.0423031
8.7453
-0.350004
3.11356
-3.0124
0.53258
-6.18614
-0.397888
-0.949996
-3.39709
-3.8563
-0.494031
-1.63352
5.2648
0.428567
0.340091
0.180354
7.31229
1.66643
-1.52492
11.6884
8.75712
0.110206
-0.81331
-33.0967
1.40867
-2.6264
-0.681671
-0.23982
1.83578
1.14974
-1.26728
-0.280517
4.71163
-0.753548
0.950638
-300.701
-0.971182
-0.608899
-2.04527
-0.0942462
-0.587639
0.886089
1.07057
2.69631
-2.38896
13.3453
0.676
0.793487
-4.62341
0.444598
-0.126525
-3.56898
-48.1507
-0.27568
0.192946
4.38349
-1.36403
0.395064
3.26054
1.07709
-1.01844
-8.59484
-5.58189
1.40216
-1.61968
-0.338174
0.771923
-5.07558
-2.43342
14.1976
7.19118
0.939965
1.20176
1.54441
3.81349
-1.30563
1.91331
0.506387
-1.30824
1.10786
-0.456588
1.79979
1.43917
-1.38305
-1.20158
-0.407948
-0.345097
1.83776
0.600365
2.78975
-0.937672
-2.48344
-0.693003
-3.20743
64.6512
1.23314
2.82635
-2.48397
0.0757321
-2.62459
-0.485775
1.51485
1.35673
-0.189417
-9.62405
-0.939258
0.371678
-0.870518
-4.31251
-1.9791
-27.6058
10.5524
0.189415
-0.134991
-0.700215
-1.4044
-0.832916
2.80456
-0.116848
-9.12046
-21.2236
2.39249
-51.6018
-0.347138
0.881163
0.402933
-54.6886
44.5673
0.291188
0.384777
-1.32929
1.55874
-0.0738226
-3.75801
-0.73824
1.00533
-0.561981
-0.634023
6248.1
1.1367
0.311528
0.228824
0.806286
0.916001
0.427395
-0.316017
1.55586
5.21579
0.773531
0.00394968
-0.561181
0.117176
-1.39864
1.15264
0.535048
-3.94067
-2.09953
3.32772
0.423994
-0.965159
1.36165
-3.01779
-4.18191
-0.533766
-0.849641
3.68458
-0.849382
17.3744
-0.370757
0.780459
-2.5407
0.45341
-0.714376
-2.26395
-3.20348
0.999386
0.667896
-2.82595
0.147082
-23.8811
-2.03569
0.93421
0.549144
2.29409
-3.19323
-2.70866
-1.08833
-0.171192
-0.344031
0.60689
-0.387819
-0.882877
-0.97925
-0.299793
2.36154
-19.282
-7.38458
-2.10467
-0.603259
-0.174598
-11.9811
-0.00135594
0.107997
-1.89712
-0.878947
-4.83965
1.15447
0.631097
-0.681122
-0.200759
0.881008
-0.189494
14.8024
0.269655
-1.37614
1.86793
10.5096
-8.52995
-15.6358
-0.700194
-1.12228
-10.8351
541.522
-4.94029
0.138269
-2.65814
0.312019
3.46549
16.3015
1.48503
2.08556
-0.320557
0.22991
0.624474
-0.405972
-0.136508
1.63793
2.35245
0.804386
-0.236076
0.0852564
0.42207
-0.89505
-0.65906
1.95342
0.207009
-0.0769868
-0.852472
-0.548543
-0.346738
-0.475637
-0.088517
-2.09215
0.0627809
-2.82163
0.213577
-0.935602
-0.800309
-0.167312
1.6206
-0.27611
-15.6265
1.39145
-10.2701
0.948064
31.1729
30.7868
-0.1356
6.28293
0.652308
4.31452
2.96946
0.117941
-4.3265
-0.626585
-4.31457
0.508224
-0.553311
-0.161617
0.418747
-0.0846727
-0.909864
-0.274671
-0.431814
5.00541
-0.16704
4.91205
0.465341
0.250872
12.2361
0.923669
-1.94076
-0.138082
0.570879
-0.0457288
0.538168
-1.58944
-4.09053
1.40706
-0.517852
0.362124
-0.884263
-0.808968
0.769715
-0.323573
-1.70637
-0.0980658
7.42715
-0.493007
1.21336
-2.48403
-0.152788
-1.22151
-0.640396
0.743483
1.13682
1.86127
-32.4215
0.0573675
1.06795
2.27261
1.55124
-0.572861
-0.164635
21.3426
1.99047
-0.577349
3.54792
0.21111
-3.7407
1.87101
10.0898
-0.447564
-4.38262
-0.360219
0.616052
-2.57619
0.847324
0.236617
-1.89827
-1.35074
3.79644
-0.977203
0.117952
0.547376
0.204878
0.035575
13.8482
-0.565671
-1.06309
-0.97681
-0.0275875
0.416615
-0.044508
6.22095
0.430927
0.434626
3.83486
0.17751
-0.920258
1.28396
-0.84031
-1.25624
-0.786881
2.32751
-2.53208
-4.9883
0.783034
-0.0265146
1.08875
-0.359359
9.42299
10.7609
0.37859
12.4841
-1.96742
1.089
20.1104
1.13184
-0.21396
-1.51993
-3.11035
-30.8935
1.05655
0.90714
15.7642
0.442233
0.645345
0.13251
1.23681
-0.228875
1.03909
-2.51437
-0.0351541
1.22876
0.639174
1.46655
-2.48
0.627506
1.38934
-0.717199
1.05302
-1.07341
0.672699
10.076
-3.79284
0.00496379
-0.497127
-0.720841
8.83614
0.512664
-1.31796
-1.82605
-0.78155
0.998031
-1.66936
-0.491951
0.408363
-0.7199
-4.20047
0.348717
0.208009
0.00111172
5.59395
3.00556
0.851612
0.476187
-0.357311
2.77154
0.39366
-1.7649
-13.0713
21.2856
1.62113
1.59984
6.86857
-0.33886
4.7764
1.29585
8.53553
0.742772
-0.163846
0.698919
-1.53805
0.425687
-0.836681
4.0908
-13.2299
-6.4322
1428.95
0.610607
-0.306076
0.249367
-0.735646
0.473699
0.926425
-0.222315
-0.102218
-0.32844
-5.17279
-1.2617
-0.351217
0.168343
1.61604
0.0880385
-23.2389
0.452469
-0.0659539
-1.36435
-2.65842
0.731674
18.2645
-0.562948
-0.504445
0.15397
-2.11462
-0.572528
2.38273
3.97763
0.35561
-0.343514
0.123177
-0.0855092
-0.599352
-0.181924
-0.78846
-9.30868
-2.67792
-1.36206
1.66836
0.440936
0.766147
0.272817
8.17931
-0.0739351
1.5016
0.0787126
4.24606
-0.538435
-0.00273795
-1.87147
-7.40758
1.92834
0.506771
0.497043
0.703807
-24.6757
-1.05698
3.88939
-0.350038
2.79459
0.827814
-0.802562
7.14165
-0.26693
-9.62268
-0.0481519
2.40322
0.182651
-3.87485
-0.380023
12.1177
-0.101475
0.282863
-0.234769
1.45454
-1.81228
11.1776
0.800587
1.02953
-5.43061
-2.03059
0.137211
-1.67888
2.22592
1.97243
23.0383
-1.15219
1.09865
-0.189703
-2.0106
-0.261617
9.91138
-5.5979
-0.152552
0.25736
1.06228
0.239815
1.00152
1.91895
0.737763
-15.2804
-0.438306
2.55764
5.99873
7.00986
-3.45561
1.08274
-0.299793
-0.680849
0.0480789
-1.55964
-0.541818
-0.223948
0.914766
-0.669507
0.0463988
1.83753
1.36958
0.238428
43.6438
0.258169
-0.76252
-0.71572
-0.136402
1.87045
34.7861
-1.89171
5.99249
0.297773
-1.46548
3.16442
5.10707
0.89711
0.755949
-1.27754
21.3058
3.65464
4.33218
-11.3475
-0.293296
0.22044
-0.902262
-3.1616
-4.9272
1.30672
0.216506
-0.355083
-2.84345
-1.19318
1.47493
-0.357659
-0.657733
11.2822
0.591505
-9.78247
1.13609
-2.02788
-3.9395
0.682933
-0.153984
-6.17662
3.23594
-0.321358
-0.262597
-0.0104649
-0.0443603
-0.109433
0.670438
1.40192
-4.63374
-0.00333922
2.0021
-15.5323
0.0771101
-169.708
0.116615
-0.433803
-0.952771
0.463804
-0.375287
-6.70209
0.75124
-0.737139
0.241576
0.292685
0.0704226
4.19413
-2.05666
0.364632
-0.294246
3.54385
2.04035
0.72828
-0.292669
-2.07143
0.208241
-0.332117
0.187834
-1.44711
3.76652
-1.05947
2.43302
-0.663224
-3.61722
1.83265
0.00768616
-0.417546
-0.919104
-0.147526
0.109886
3.94463
0.792781
-16.1157
11.1439
-0.789829
1.1508
0.535353
0.108099
1.4796
-0.388047
1.35491
-1.67656
10.3481
-1.15821
3.17946
-0.3696
1.32899
-1.93723
2.58272
-2.91573
0.4852
0.401575
2.08245
1.4385
-0.591657
3.45972
-0.647367
-0.168371
-4.75564
0.737825
0.44881
10.9502
31.683
0.235657
0.393208
0.0475371
0.230363
-7.02766
-1.50956
-0.343545
84.4414
-0.117363
0.363897
2.89021
-3.62362
-0.817095
-4.03546
-2.13045
3.23058
1.86347
-1.4881
-1.99642
-0.823931
0.993354
-8.34741
-4.31483
3.0562
1.15169
1.28747
-2.16071
-0.457912
0.833378
-0.37583
1.2868
0.645693
1.17009
0.0957051
2.03689
-0.138199
-1.48017
0.99083
0.940788
-106.555
-0.71793
-1.22976
-0.543706
1.84409
1.58179
1.66753
1.14806
-3.51065
-0.772762
-0.599968
0.706275
0.229303
-0.334262
3.18773
-1.66635
-0.0243332
-0.428152
1.0872
4.96745
2.44199
-4.9016
0.824327
-2.78688
-1.75163
-3.18912
-0.625921
1.68353
-2.51997
-1.08068
2.24404
9.21023
-0.266341
-4.67242
-0.485155
-0.48805
2.79756
0.530366
1.64567
-0.341761
-3.50389
129.267
1.27411
-0.981821
0.258815
-0.680166
44.5068
-0.354086
0.0778864
1.48437
0.605261
-3.98169
-1.25888
0.299638
5.99859
-4.06683
-0.618941
0.913356
-0.469106
4.01974
3.23825
0.573061
-0.0252776
1.70165
2.26251
0.204032
-0.977097
0.836031
9.04225
-0.642053
2.70959
0.629404
2.82546
3.46297
0.724677
-0.90925
1.6662
-0.462691
-0.672339
-5.2651
1.24474
13.0131
-0.706864
3.97773
6.00838
-0.997715
-1.08682
-5.07077
-1.24468
-1.27127
-0.745706
-0.123528
17.6709
12.048
-2.58519
-0.292999
-0.788837
-0.259839
-9.20715
-2.57289
-6.44453
1.62996
0.862725
-1.83626
0.0926361
0.273237
4.59563
-18.4847
3.82043
-1.28942
-0.729283
-0.263525
0.305292
0.169138
-8.43691
0.565182
-1.17734
3.39617
-0.28555
-1.89636
0.291856
-0.131425
-0.0213261
-6.15642
-0.786209
-2.49222
5.66092
-1.77531
2.16064
2.05405
-4.53276
1.23529
3.21107
1.92755
0.635975
1.33248
-15.6667
0.125357
1.90379
0.101841
0.0213658
-4.86414
-0.585555
-41.54
-1.37135
-0.918363
1.20584
1.31258
-0.66351
-0.916122
0.588536
0.169536
-1.26837
-1.61001
-0.384888
-0.505497
-0.481538
0.739305
-0.38239
-0.0374949
0.931384
-2.35634
2.17544
-0.984038
0.733607
-0.105264
2.94261
0.813362
-7.08633
5.19061
0.014787
-0.337267
0.973892
2.01404
2.17501
1.9844
-0.331102
-0.79288
0.212705
-0.153964
-0.596249
0.0374549
2.04244
-1.77881
-0.206559
7.94814
0.408951
-0.0243368
1.90781
-0.748562
3.34756
0.607402
0.896088
-0.257882
0.203537
-0.174717
-0.116091
-0.28482
-0.322375
4.63103
3.78509
-2.38984
-0.63769
-0.979019
0.736507
-0.177534
-2.03065
0.890815
0.284838
-2.60372
0.867337
2.57293
1.71417
-3.6774
9.35206
2.78351
-2.19644
0.550797
-0.0326528
0.587977
-1.42127
-0.436233
0.0620067
-0.64599
0.422299
0.828047
-3.79112
-0.909427
20.0846
-1.41229
-3.57664
1.20417
0.762068
-0.584683
0.123177
-0.885162
0.307575
1.08339
-3.92552
0.311283
-1.59516
-0.183562
2.07238
-0.396109
2.07004
-5.38245
127.221
-1.31369
0.364001
4.15767
17.2031
2.25124
1.78999
2.88425
-1.57456
0.737872
-1.222
0.283362
0.543714
-2.16336
-0.093073
0.470257
5.04254
0.334349
-0.829525
-0.630581
-0.975725
-0.221489
-2.34394
3.37243
1.9314
0.370478
1.27781
-0.27806
0.396773
1.12372
-0.897546
0.337586
1.10885
-0.157711
5.88014
-1.15498
0.886879
0.366447
-1.24695
0.276607
-0.460244
-0.489044
-2.19393
-1.43164
0.748913
5.47955
0.0662037
5.23922
1.62822
-0.0344521
0.690054
0.0186938
0.75981
-1.50657
0.0926964
10.5317
-1.33581
21.0934
0.41087
0.230336
-2.18448
0.922853
0.298067
7.75173
-1.4897
1.05726
0.31625
0.922277
-11.0505
-0.731107
-0.930181
11.5717
-0.332631
-1.91133
0.0435926
-0.795938
3.75439
2.06583
3.78791
-0.0325808
-1.45981
-0.375581
-0.733116
-0.103722
5.84172
1.07113
-1.01538
0.542774
0.0459011
27.1962
0.648429
-1.47588
2.01904
-0.326296
0.934771
4.13846
-0.442343
1.86397
1.06836
-7.25026
-2.53664
0.138171
-2.5886
0.202968
-2.36876
-0.256248
0.0760449
-3.78541
-0.073539
-2.65995
0.75387
-0.236897
-0.479904
0.149673
-0.415507
3.34928
1.20116
0.374148
3.83044
-1.5621
0.864021
-3.50834
1.33066
7.35799
-1.49863
-2.14206
-0.191886
-2.03383
0.272152
-0.81441
0.305096
-0.821887
1.15835
0.450201
-19.0147
0.22993
-0.749166
0.718133
0.926741
0.139556
-8.48522
0.517
-0.135155
0.0976462
0.423807
-0.522426
-0.202748
-2.40142
0.638267
-7.17912
-0.849852
-3.57415
2.01967
1.80394
0.376367
-0.882748
-1.82829
-1.73426
15.6532
2.68466
1.88527
0.180138
-3.61217
0.678914
-0.900781
-4.28085
-0.327819
-1.14997
-0.127619
-1.29497
-0.427345
-0.974654
-1.2531
5.31447
-0.786503
-1.0668
-7.2621
0.316463
0.4556
-0.3353
-1.38919
52.1351
-2.47001
-0.244177
0.2502
0.563152
0.502386
-0.911976
-0.138956
5.27742
-3.78245
-1.2799
0.811749
-0.665399
-0.706408
-0.835577
1.72161
-1.20414
0.255748
-20.3811
-1.67838
0.469413
2.15727
1.07656
0.167366
-5.28913
-163.36
-0.354325
8.73782
-0.787345
-0.257113
3.1605
-1.24904
3.41507
-14.157
0.801497
-5.21172
-0.447296
1.32487
1.66466
1.31094
3.59121
0.158838
0.0541587
-0.0525497
2.92374
1.21499
-0.839269
0.144695
-0.678597
-16.4243
8.01886
0.0479406
3.31891
-7.07231
-0.337018
1.50941
3.51358
0.791134
-1.0933
1.9392
4.04937
-2.59944
9.41743
2.06562
-7.37193
-1.84259
-1.48691
-0.781766
-0.127691
-0.793397
-0.997147
-2.62609
1.00951
-0.0671818
-6.28922
-1.11147
0.961123
-0.254832
-0.200808
-0.587309
13.9633
-5.15323
3.43225
-0.0555389
-2.3953
-0.926826
-1.1985
-0.200748
-3.60553
1.80414
0.0275638
-0.573702
-0.835418
0.799652
-0.432642
0.192123
0.30251
0.0959614
-0.500686
-0.806924
-1.23233
-0.184376
-0.265893
1.14618
0.951733
2.0781
32.0134
238.725
-0.0631101
0.204565
0.31262
4.07759
0.87992
-0.808958
1.48432
-0.0081063
-3.29691
7.1291
0.197559
1.14464
-3.04276
1.96007
-1.45267
0.292011
0.358444
-0.417602
-35.4801
-0.0719076
0.886825
1.99027
-0.542355
-3.11044
-0.0482405
-0.224226
-14.6274
-0.552868
-0.520646
0.0389007
-0.669077
0.0571203
-1.59207
-2.9103
-1.34505
-1.57393
0.388086
0.235211
0.257434
-0.283106
0.672103
17.7698
0.869148
0.00556234
-1.22342
-19.1813
2.76395
-0.437259
-0.970299
-0.158586
0.145874
0.186908
0.137781
2.17444
0.500299
-0.12857
-0.0536477
-0.13803
-2.52854
0.357003
-3.90187
1.36356
3.50636
-2.19418
0.0332953
169.242
1.81889
1.05605
-1.70963
-5.71624
-0.538725
-0.413897
-1.20463
4.47334
-0.835541
-1.04756
-0.631497
3.843
0.319716
-0.989928
-0.893381
6.43712
-0.692073
4.6602
-0.234623
-0.570578
0.499492
-0.946097
-1.1767
0.693267
-0.231695
3.46653
-0.644356
-0.638505
0.853934
0.870769
0.148519
-0.173863
-2.38585
0.996128
-1.67504
0.141758
-3.59962
-1.58172
-1.13963
2.04003
3.01217
4.68099
-0.0680344
0.724994
1.217
0.36781
2.39038
-12153.6
0.403531
1.22115
0.0765985
-3.11147
3.74749
2.68245
-0.819438
0.50535
0.745178
0.685474
-0.192025
-0.22386
-0.292826
9.05732
-1.18961
0.00346976
1.32496
-1.13366
0.387691
-1.86942
0.046473
0.833986
-0.762506
0.796062
-0.755733
-0.473742
0.52268
0.413139
0.880563
-0.0584646
0.703282
-0.776931
-1.2741
-0.13218
-2.74635
0.66768
0.747051
0.345208
-0.610428
0.634582
0.454218
-0.395508
0.101878
0.385912
0.237818
-0.579652
1.19266
3.36468
-11.3048
3.05071
3.66695
2.7477
-8.26851
-6.85815
-1.23697
-0.707766
0.403066
-7.86558
3.09086
3.9459
2.92027
0.315497
-0.503352
-0.310014
-0.273427
0.507286
-0.846655
0.721752
-1.2888
-0.55773
1.01417
-283.876
1.6389
46.8055
-3.19771
-0.7343
-0.285574
-0.984291
-1.92338
-1.88872
2.83609
0.187937
2.10913
-0.779892
-0.48969
0.149052
0.451655
-0.118609
0.0444474
-0.0275368
1.28824
-1.3044
4.92228
-0.381493
-7.09365
-1.03843
42.4859
-0.514475
-0.794566
-2.11813
4.97685
6.04782
0.0176994
2.24697
-9.4358
15.5401
-5.18652
3.24377
-0.669393
-1.37899
-0.220774
0.895275
-2.52731
12.9901
11.3066
3.73268
-0.449265
-3.25458
-0.282205
-0.294026
-1.63141
0.664306
1.6696
-0.408886
-1.71554
-8.42623
1.49912
-1.90561
-0.0438371
0.585886
-0.367715
-0.554314
2.66216
2.32801
2.73651
-0.210724
0.766906
13.7317
1.41798
-2.16186
-0.549236
1.11569
-4.00094
-2.82776
2.43063
0.53124
0.552333
-0.843928
-51.2148
0.194872
-0.380954
0.269034
-0.935019
-2.47074
1.0019
-0.374837
-0.813353
0.0220386
0.4237
0.97924
1.80338
0.200036
-2.93382
3.4993
-18.7953
0.512421
-3.37185
0.380379
1.80285
-6.67828
-0.832982
-0.0952353
0.199011
3.25981
-0.494489
-28.3333
-171.235
-0.26585
0.974389
1.44896
-1.12037
-0.604254
1.22363
-0.825618
0.852409
0.726937
4.11012
-2.10463
-0.503625
-3.48412
-0.649578
0.028365
-0.821871
-0.304105
0.113472
-0.524082
-0.802891
-0.196334
-3.14352
0.974675
-2.90279
-1.62777
0.64523
1.96971
1.04627
-0.0592392
-0.339427
-4.50928
0.0727488
1.41548
-0.310878
2.04896
0.119061
1.68978
-0.412805
-4.16531
-7.668
-5.42581
-3.7659
-1.455
-0.778404
2.58293
-4.2222
-1.79066
3.63514
0.0372126
-0.989493
4.1676
0.629444
3.67192
0.0325353
13.6416
-1.27061
1.57397
2.15779
1.24858
-0.979549
0.919236
-3.73241
-1.24219
1.42173
-0.538582
-0.276216
-2.7265
-0.729113
0.0749243
