0.498319
0.284165
4.76464
-0.527325
-1.09006
0.888554
-0.39095
-1.86688
-2.84513
-1.84245
-0.382629
0.797115
23.0111
35.3409
0.992807
3.79877
-3.23635
0.408384
-0.596121
-85.6299
0.393035
-0.568963
-0.637444
-0.587415
-2.294
3.4825
-0.499617
0.421598
-0.225879
-0.304094
0.308305
-0.447308
1.50007
1.08143
-3.53885
8.61629
0.427932
-3.067
0.765395
0.0689076
0.176238
-1.57417
0.639238
-0.714056
2.36411
0.910481
2.53382
-6.26338
-2.30104
-0.939281
0.503152
-0.196015
0.451877
-0.391057
-0.528298
-0.292616
0.29226
-3.16244
-2.98628
-0.75475
0.451272
-1.28903
43.247
-0.29003
0.214538
0.0206733
-0.202158
0.632364
2.59097
-0.05701
0.690412
-0.963579
-1.31946
0.862244
0.315324
1.26291
0.22252
-0.766365
-0.185586
2.33233
-1.0703
2.64276
37.7922
1.30503
0.232955
-2.75477
-2.208
-1.53307
-0.933444
-0.244803
-2.36014
-0.156353
1.59454
-0.848745
0.14837
0.459034
0.617606
-0.446029
-1.03053
-3.45144
-2.7295
-0.605501
0.336978
2.16858
0.436082
1.20157
-7.40116
-9.31339
-2.19588
-0.101646
-0.98453
0.727688
0.315293
1.9282
-0.677539
1.31381
0.136283
3.9579
-0.491219
1.34351
4.8108
1.33903
0.103852
-0.214581
-1.80906
0.473699
22.3283
0.0490028
48.6905
-9.5841
-2.14277
-0.15173
-0.488611
12.0538
1.50851
-22.7594
1.54331
1.06831
3.32616
2.12057
1.827
-1.00618
-1.33772
0.552744
-0.154171
-2.10772
-1.84775
-3.71515
0.918311
-4.02202
-0.991961
-0.923877
0.0984003
-2.73954
2.97247
0.576452
0.526943
-0.388934
-0.773018
2.7876
-0.380539
-0.797681
1.7637
-1.07491
0.288992
0.0136075
-1.29784
0.113936
1.05788
-1.79831
0.761876
0.997487
-0.499463
-0.189893
-1.99711
0.39807
2.04273
0.0230971
-0.606971
-1.39795
-1.38652
-0.136856
-14.0254
0.136683
3.55817
-16.4736
-2.50895
-3.55749
-2.02849
-0.183172
-5.86254
0.220045
-0.264995
3.15583
1.24982
-14.4455
0.282852
0.824262
2.1482
-0.0470995
0.0669765
0.174564
0.499247
-1.1171
-2.73163
1.02409
2.10739
0.140172
3.21833
1.08437
-1.81205
-14.709
8.53386
0.753786
-0.10787
5.80837
-2.49076
1.37102
-0.0653278
0.608687
1.11594
-1.04157
-0.593511
-0.327943
140.452
0.0248628
0.197064
5.78407
0.308193
-12.3603
-0.711883
-13.0814
0.93233
-0.615761
1.89274
-0.299115
31.0826
-0.520958
9.54726
-2.66841
-37.417
-0.187343
2.40548
-6.14277
-0.993004
47.1131
-0.743133
-2.99502
-0.822526
0.882808
1.94835
-1.73796
0.738871
-4.21102
14.6819
1.10335
-0.535468
-1.86918
0.496597
0.370571
-1.91659
2.63103
-1.10748
-0.273475
-2.9745
1.27223
0.334012
-3.88465
-0.476808
1.13381
0.302192
0.721633
17.3271
1.94261
-0.43834
-2.15968
0.0210914
-0.185996
-6.23506
-0.582753
-2.01785
0.0800243
-1.0252
1.15638
-4.33625
3.18
-1.70432
-0.190868
0.0889228
-0.0793703
-0.976749
2.27639
291.792
0.30088
-8.78684
0.80307
-25.148
-0.852718
0.0920483
0.276089
0.421107
-0.42348
-2.70307
-0.234783
11.6441
2.76565
-0.65656
1.00187
1.30398
-4.82357
0.647066
1.54845
-0.586958
0.555321
-0.897492
-0.941553
-0.645003
0.612042
8.20308
0.072697
1.26683
0.638943
0.878394
-3.18716
-0.631792
-1.42838
-0.109586
-2.1787
0.386161
-0.28224
-1.30807
-2.17366
-0.330989
-1.72732
-1.07154
-0.210417
-0.266802
-1.5706
0.483327
0.882873
0.366212
-1.82101
-0.899335
0.2298
-2.29961
-1.2872
0.0841029
-0.983322
2.23051
0.590664
-1.31778
-0.155744
1.21036
0.920363
0.962865
5.12942
-0.000561564
1.94851
-0.394517
0.951962
0.809615
0.556134
-18.9253
-1.09559
-0.511822
-0.839665
-0.57495
-2.90681
-5.80215
-0.438373
-2.7446
1.28299
2.81077
0.82064
1.77069
-0.523698
-1.08625
-0.36244
-1.57427
-1.59892
11.4901
-0.0884754
0.38018
-0.661584
2.24728
7.84489
-6.06162
1.44356
4.60131
2.78185
-0.0668032
-1.22366
0.161392
2.86528
5.53157
1.13342
-0.225736
0.710089
-2.36432
0.05788
5.08
-0.764149
-0.204893
32.4814
-0.55383
-0.339005
-0.434279
0.455809
-0.512305
1.47029
-13.4646
-1.24968
1.2804
-0.0807257
2.2519
-3.26196
6.25505
-1.65644
0.238362
1.80803
11.28
-0.0403144
-2.5627
-0.375873
-0.748911
-69.3321
-0.0748438
-2.05189
2.57188
16.6669
-1.81337
-1.45068
1.18426
-0.688709
-0.419672
76.9112
-1.42327
0.606565
-0.911721
5.25822
1.32594
-1.97632
-1.12976
2.60328
-2.19396
1.58152
0.550258
-30.5866
0.524594
1.36954
-68.9419
0.244444
-0.136552
1.23821
-0.177589
-1.15499
-7.17078
1.1764
0.804711
-0.171848
-0.953194
-0.473636
-9.96638
0.494761
2.13105
-0.0419933
-1.46071
-0.688086
-3.12076
0.904436
0.746565
-0.915515
-4.75894
3.01462
-1.3708
-0.57841
-0.419733
1.98811
4.74312e-05
2.8238
0.0202701
4.19196
1.06313
-0.355994
0.418363
0.433876
-1.37601
-4.49505
-1.64464
1.53814
-0.498452
-0.308482
2.89656
0.0684472
1.49617
-0.544784
0.443572
0.282196
-0.967149
-2.46504
-1.52647
9.21081
-1.13206
0.649493
-1.57719
-1.59368
0.443402
-0.259547
0.325755
-0.507363
59.008
-1.25731
0.106985
0.715423
-1.39337
0.0731738
-0.291142
0.0973691
0.0868956
-0.30339
0.171627
0.294907
0.024037
0.586991
-0.490908
-4.66657
-1.93424
9.05174
-0.473801
-0.0136068
-0.494422
0.298202
0.674309
0.560666
-0.69281
3.62155
0.562596
-1.02254
-1.54998
0.70194
0.0959996
1.69992
-0.690819
1.84019
7.31254
-10.0366
0.555689
-0.289251
0.174617
1.02592
-0.44254
1.19758
1.14096
8.27993
0.205349
3.21717
-0.288179
0.048861
1.79266
6.79245
-0.251372
2.15349
2.29238
4.19737
-0.291791
-2.00953
0.831272
0.18645
1.63128
-0.369567
-0.475638
-0.214719
-0.346225
3.03335
-6.10652
0.101042
2.27157
0.367512
4.4174
2.06892
-8.53921
0.491434
-0.725517
-1.67628
-2.81144
0.00100389
0.565772
17.3725
-0.594227
44.1514
-0.455399
-0.270582
0.604951
0.543371
-1.87419
2.56581
-1.89491
1.45961
-1.24899
-0.237741
1.852
0.144202
8.09244
-1.14367
-0.448219
1.08741
-1.0959
0.991239
-0.577806
1.10057
4.95793
1.30721
-2.4465
-0.704049
-0.153265
-1.88254
0.525473
-0.23968
1.01615
2.05588
-0.174716
-0.338053
-0.570865
-0.143072
-4.51129
0.750246
-1.84758
1.18234
-1.68984
-1.93261
-0.233678
0.313714
-0.287718
-0.9733
0.368612
-0.873328
-2.1668
-1.06238
2.27445
-5.26832
-6.63811
-0.555629
3.57157
-0.759272
0.168573
1.10006
3.63894
1.18331
-0.0989676
1.0752
-1.62282
0.25572
-3.04648
7.23537
0.518994
0.0382923
-1.32462
-6.26127
-1.02058
-10.3739
1.03273
-0.176129
0.971043
-11.1282
1.03787
2.73343
0.315198
-2.29051
-0.919774
2.62358
2.14927
-17.6885
-3.25232
10.9559
0.151565
-2.92035
4.56295
1.16614
-1.41248
-1.82251
-2.11654
-0.113121
3.22022
-0.429692
0.646771
1.90554
0.210026
0.978207
-14.5319
-0.491273
-3.68106
3.94131
-0.492363
-2.72584
-11.887
1.90508
1.43404
-30.7779
0.799642
0.404636
13.1982
-2.17777
-1.39354
0.557985
-0.417354
64.0088
0.555166
-7.36301
0.0944129
-0.494251
0.119061
3.90388
-1.08052
0.760314
1.74533
-0.285204
0.873194
-0.428737
-0.692074
0.975526
-3.49151
-1.82059
0.796566
-2.60018
2.60764
-0.342542
1.50914
-0.499267
0.740351
0.922517
6.11891
2.3627
-1.04202
0.35683
0.466137
-28.807
0.656791
10.9333
-0.376701
0.164408
-6.16547
0.250828
0.106053
0.536387
-0.589841
1.33425
-2.60839
-0.575694
-3.76402
-11.2095
0.358584
-1.35539
-1.94317
2.43836
-0.432352
-0.142307
-0.647472
-0.730675
-0.374663
0.254257
-0.141155
-3.919
-11.9003
-0.907919
-6.75382
-6.84011
-0.223792
9.18986
18.6971
-0.285937
-0.415454
-0.380624
0.90607
-0.0810408
-6.18528
0.448748
0.595721
-0.256235
-0.0335044
-0.38885
-23.9348
-0.730231
0.77393
-11.1789
17.2714
0.0151858
-0.367714
0.787308
-0.0828702
21.699
-1.01031
-0.269413
0.282667
0.919447
0.309259
0.565337
-7.70217
-1.77277
0.901044
-0.132364
-0.375869
7.88898
-1.95122
-5.80985
-10.3555
3.69995
-3.5676
3.01218
-0.781866
-0.380698
-0.315512
-0.031852
1.07416
9.63245
0.843977
0.647482
-0.424948
19.4736
-0.540602
-5.50526
-1.18649
0.776827
-0.517221
-6.34402
-1.58105
5.62574
-0.635845
1.32276
0.880517
-16.9929
1.82388
0.961249
-9.88726
7.21158
-0.274176
-9.43557
-0.895629
0.163197
0.330247
2.3093
49.1257
-0.996712
2.52339
-1.26506
2.02659
0.172818
0.60377
-2.39728
0.514094
5.0729
1.69506
1.03961
-0.397511
-0.1745
-0.244394
-28.0906
-0.576286
-1.59172
4.61121
1.31676
0.678809
1.97903
-1.17525
0.573599
-1.57107
-1.15697
0.227777
-0.607264
-1.14215
6.71374
0.462384
100.377
-0.33955
-2.29061
0.433806
0.0984763
-1.5511
-0.359847
-8.11306
0.00335311
-2.26048
1.41629
-2.76805
2.45161
0.0278543
-0.0265375
-0.501434
-4.42776
0.240116
-0.223129
1.12839
13.3061
-0.254764
-1.05022
0.713285
-1.22134
1.71937
0.0344892
0.475157
1.98052
-2.33078
2.22401
1.331
0.222587
-1.8054
-0.206361
0.128157
-0.255944
-0.514835
-0.462426
0.381289
0.770919
-4.22279
0.728842
0.459877
0.42393
-5.18763
-0.310872
0.909509
-1.67804
0.0630927
-0.811823
0.0667417
-6.32881
0.735295
-0.0820732
-0.191641
-0.277107
0.545436
-8.07904
-0.963062
-0.538096
0.172707
-0.796195
-1.07203
1.28895
0.925322
-7.05968
-14.4242
11.112
-1.20958
3.38129
0.59283
-0.564957
-3.2584
-2.80177
2.16502
-1.53996
0.1823
-2.37397
-0.0906397
-0.335335
0.22037
-0.646792
0.187986
0.0477525
0.711572
-0.456765
2.93407
4.97407
-83.4636
-1.26893
-1.12279
10.1027
0.998965
-0.658597
-2.7733
0.366423
2.49066
-1.95057
3.53482
-0.0797471
11.0585
-0.0801909
-2.49649
3.90875
-0.0850584
-10.8516
2.30922
-9.42477
-5.74117
-3.46083
9.40342
-0.166028
-1.3035
-0.130648
-2.17153
0.275363
-3.40601
1.79877
-0.360324
-1.12196
-0.539436
-2.99022
-2.5671
0.0990047
0.608847
0.0855346
-0.138276
0.282004
-1.06582
2.76665
-1.08637
-4.40847
-0.588203
4.4667
-0.640288
-0.265526
-0.861231
1.90856
0.805962
2.48726
-10.5062
-0.78254
-1.18556
0.491697
0.731634
-0.342693
0.171905
0.778651
0.116316
-0.510609
4.14169
0.47849
-0.458694
0.596535
-0.265
1.13064
3.67761
1.99351
0.553753
-0.111594
-0.820013
0.0543368
-1.18613
-0.0614638
-0.164998
-0.163019
0.822392
1.57507
-2.60843
0.408767
-1.83021
2.60732
1.40148
2.00336
0.717555
-3.10358
0.388296
-0.327026
1.6282
5.32702
-0.743969
0.0742414
1.519
0.297816
-0.219197
-1.13429
0.687875
-13.3548
-1.74016
20.6649
-9.59841
0.929055
-30.2345
-0.67821
0.0429353
-1.11642
-0.225989
0.0498613
0.0163837
0.431584
0.738574
0.873272
1.08115
-0.531562
-0.199324
24.0472
-0.825428
-0.902894
0.0770382
38.2561
26.4487
0.283707
-2.85284
6.32439
-0.901676
-4.36459
1.07865
-0.62001
-2.64071
-0.0894364
-0.304991
-0.0170947
-2.71646
-1.26819
2.18325
-39.43
-2.80818
0.77422
0.602558
-0.0534545
0.563099
-9.35835
1.12718
2.57973
-0.392849
-1.66064
-1.09988
-2.7235
0.266122
-1.66647
7.74063
5.30572
-0.497029
-4.68854
5.11127
0.0435753
-2.03121
8.84128
0.941389
-0.447826
-1.904
1.0809
-0.931381
1.17142
1.84542
-1.13131
0.158528
-3.13444
0.345938
1.27159
0.688963
5.84219
0.0757392
-2.48479
0.377034
-1.42042
1.98955
-0.23009
-0.377982
3.26186
-8.90687
0.24096
-1.41719
0.564035
0.822418
-1.58521
-0.546332
1.68138
10.9228
-6.30526
0.389624
0.987282
-0.787612
-3.92409
-0.704675
0.0427579
0.396639
4.38448
0.0863352
-2.48983
-1.3454
-0.238281
-0.442398
0.0140478
0.302212
3.18723
0.883787
-8.56515
-0.555549
0.10571
-0.486769
-0.811126
0.691267
-0.947587
1.54504
3.61036
1.03121
-1.08996
3.71805
0.795658
0.0666257
-4.55979
-8.62676
6.00726
0.818763
-14.5933
0.446731
1.69742
0.889491
-1.16296
1.66085
-0.898037
-0.321081
3.47437
0.526143
-0.138875
1.13394
0.705263
0.332009
2.48353
0.142107
-0.171928
-0.632453
0.751727
0.399334
3.2722
-1.67525
-0.0702255
0.683123
2.49117
0.688485
-39.447
1.70682
-9.92628
1.1448
-3.06773
1.26319
-0.250655
-0.085061
0.00859007
-0.379179
2.5169
0.70048
-0.0030227
10.3109
-0.139456
0.195923
1.12484
-0.878027
-0.335726
0.843203
1.01397
-0.0462933
0.123086
-0.227099
-1.09734
-2.55097
-0.182257
-1.02443
2.74343
-2.54267
-1.43885
12.848
-0.418188
-399.443
-0.564397
-0.388865
0.186904
-1.22924
0.271809
-3.73325
-57.9576
0.446767
-1.69076
0.687877
-0.315938
-3.79809
1.62405
-1.40949
0.0195259
-1.01957
-2.09168
-1.60436
1.65524
-13.845
-0.479594
-0.0953323
0.235481
-5.71313
1.67448
0.082608
0.700736
-1.46433
6.56915
2.28615
-0.204104
-0.336877
13.7809
0.109241
17.1418
-1.18689
-0.754887
-0.916324
-2.39623
-1.44938
0.168742
1.10287
2.75455
1.81035
2.06615
-0.97125
-0.278062
-1.87503
0.00461752
0.345118
1.0766
0.396213
-3.74698
-1.10878
0.576323
-2.58513
-0.104729
0.392844
0.400028
5.09699
2.79449
-16.7863
0.792564
-0.310755
0.146468
-2.19214
-0.928705
-3.20781
-0.89824
-2.05286
-0.466525
-1.53429
-1.39955
-0.0873581
3.13024
0.0515486
1.10145
-3.58911
-0.147784
0.839389
1.80143
-1.57576
-1.51705
1.1488
1.37018
-11.8512
-1.25276
-0.0638552
1.3114
-1.04379
-0.575051
-0.297886
-5.13285
1.90647
-8.62865
1.05418
0.433017
2.00933
-0.361467
9.57553
0.584711
-0.31896
0.836273
0.742631
-2.36214
-1.51877
0.0929332
-4.5785
-7.88074
-1.50456
-0.435387
1.9161
1.24889
1.64379
0.195109
0.229686
-0.821081
-0.181549
-2.07216
-0.554638
-5.50753
2.28142
-0.575028
1.11489
13.6284
-0.138967
0.783766
0.882018
-3.74595
-0.626275
-0.752511
-0.487611
-0.472023
-0.838969
-0.374518
-1.44189
0.910348
0.308824
-0.70221
-1.90137
-0.537847
3.6425
-2.17129
1.75206
-0.863155
22.6244
-8.32132
-0.209292
0.0182729
0.662665
-0.243305
58.8894
2.68199
-2.02237
4.32048
-23.7192
1.10101
-0.24827
-0.685887
-0.688111
-0.628159
-0.789823
9.04154
5.40807
-0.520276
-0.415325
-0.615709
0.00606255
-1.87122
-0.379131
-0.55417
13.828
0.214573
0.173525
-0.372022
0.645855
12.0767
-35.377
-0.0613193
0.295085
1.68066
0.356652
-0.37283
-0.739724
1.76793
0.855586
0.534708
1.89697
0.382039
-3.76034
-0.351129
4.07423
-6.48359
0.0962015
0.848994
-25.6666
-1.16429
-0.357831
3.8197
1.14096
1.16115
-1.97711
0.462835
0.343737
-0.350059
0.650761
-0.554239
0.378775
0.499076
5.72886
0.660496
0.297234
0.393483
-4.40621
-1.15288
-0.42532
-0.372934
-4.95753
3.31255
-0.407768
-0.0951498
2.38546
-0.220028
-13.7348
-1.06886
14.4457
-1.13885
0.340361
-0.284494
3.27501
0.956335
0.283555
0.582215
-0.815645
-1.54536
0.672198
-9.51422
0.58366
0.0567967
2.31479
0.343412
-0.846394
-5.66283
-30.2683
-0.0400544
-0.208915
-2.0475
0.5546
-14.1222
-0.855363
-0.464299
-0.0311233
1.42734
-0.102345
-2.09027
-0.773484
0.383551
-0.346134
1.98325
0.471366
0.165191
0.534861
0.174476
-4.53302
0.753381
-0.960942
-2.81361
0.953988
-0.279258
-1.21798
-1.22249
3.14511
0.297917
0.56886
-0.170114
0.116909
7.94103
-0.659125
-0.844436
0.05446
2.18688
0.566768
-0.656437
-0.0275896
0.263035
-5.43478
1.10591
3.07391
0.118964
-0.708204
2.48342
0.634176
-5.02431
2.0271
-1.00192
0.317591
-323.312
-1.23814
2.64156
0.749258
-2.85373
6.88878
-2.25443
-14.5928
1.25503
0.745878
2.14938
0.0532565
11.7257
0.331271
-0.973991
0.34047
-0.373375
1.06945
-0.0293272
0.564369
-2.65287
1.96124
0.403438
0.857198
-0.572845
2.0029
0.608055
-5.92186
-14.6221
-0.272816
-0.530267
-1.84365
0.29635
1.01843
-1.80752
-0.112467
-0.351117
-1.14264
-0.870954
-5.61211
-0.279094
0.498701
-0.44677
-4.72096
-2.30475
0.615866
0.460786
-0.280147
2.65875
-0.871674
0.205807
4.86768
-25.2692
0.726459
0.849875
-0.0677527
-0.845529
1.75324
4.93268
-1.3817
11.1252
-1.93732
1.22498
0.0441993
-0.0953392
-0.606846
0.767677
-0.77458
1.16247
0.0165643
0.302868
52.2434
-0.340618
-1.63305
-1.10603
0.47754
-0.0843556
-0.727971
-1.6589
125.334
1.33276
13.3687
-0.229603
3.15433
-0.595293
-0.625501
-1.09535
0.777193
-5.84141
-0.0352535
4.72064
2.1145
0.129321
-0.041232
-0.561071
-0.0671948
4.85735
-1.1618
-0.387066
-0.391927
-0.509963
-1.21076
-1.9195
3.9417
0.811246
3.26678
-6.30055
1.00939
-4.12627
-1.9917
-0.207246
3.66381
-1.39521
1.37773
-3.52823
2.94463
-2.53935
-0.806866
-0.507799
-0.411518
-0.0445563
-4.32167
-26.3545
14.7027
0.35943
0.763023
-0.303776
-2.79744
-1.46572
-1.17545
0.0757646
-0.00164032
0.0384529
-6.70643
0.525903
0.0739287
1.37718
3.0128
-1.2416
1.2379
-5.99839
-1.18122
-2.21064
-0.0135755
-4.24657
2.03693
-0.360628
0.0785198
-2.3375
2.45509
0.27388
-0.073697
0.796005
0.607868
-0.0774716
-0.617676
-2.32166
-4.34663
-0.836413
-0.316414
0.328926
-0.381123
0.155883
0.710759
1.20829
1.14678
-1.64211
0.213356
1.17376
-0.179055
-0.183379
0.743427
-0.160913
0.672727
-2.03627
-1.3116
-0.572227
-0.556082
0.635414
-1.92111
1.48504
0.0128451
0.548113
-2.50431
3.51041
0.944885
1.32035
-0.0301067
2.30031
-0.571357
1.08432
0.268194
2.3558
13.8254
0.705543
-0.231697
-4.82146
4.04963
-0.394553
-3.99909
-2.33262
-3.02181
0.379988
-1.73446
-1.60866
-0.596034
0.68031
0.0536011
-5.41932
-0.551332
1.86904
-0.693694
-0.83474
-3.572
0.446747
-0.908747
-0.349612
0.943657
-3.37965
-1.06945
3.76616
0.424646
0.167081
-0.278493
1.15078
0.143739
9.09871
-0.144325
0.0643878
2.156
1.56127
-0.0741034
0.636034
43.591
-0.831809
0.134746
0.306683
5.08216
2.17348
-0.892995
-0.708295
1.17665
-2.85039
-4.43547
20.3247
-139.251
0.538381
-1.5421
-0.450305
-0.0279838
-0.129348
-0.945622
0.889553
-0.0835839
-0.643351
-0.242102
-1.56704
-0.280249
-1.07329
3.41469
0.65489
-0.229768
0.496494
-0.65771
0.472633
-1.84375
0.30673
0.191096
2.2977
6.12299
1.33988
0.936761
0.78856
-0.061891
0.00577053
-0.631381
-0.911498
2.32515
0.987912
-0.563401
0.369073
-4.15953
-1.39403
-1.36535
0.96938
9.99703
-2.356
-3.02146
-4.45258
-0.496766
-0.319098
-1.32095
-6.14296
-1.08931
1.94402
11.5715
3.02608
-2.11289
2.89031
-3.1054
-0.757845
3.35605
-0.649195
1.47463
5.72055
-1.28732
0.768027
-1.00276
0.542307
0.218551
0.887825
0.245276
-54.9474
0.341875
-0.464431
-1.2232
0.0335494
-7.04659
-1.53334
1.38399
0.224988
-202.868
0.892558
-0.0193795
-1.27385
0.492336
0.342819
0.16483
1.97267
-0.602076
-0.307015
-0.305751
0.347739
-67.7077
1.31292
1.14889
0.43929
1.08662
0.321955
1.61549
-1.68686
-2.12959
2.20431
0.12931
0.879074
-0.0298613
0.893122
2.31656
0.614976
-6.53195
-0.569558
0.538856
-6.44752
-0.024535
-0.300296
0.0011189
1.67024
0.707378
5.28563
0.447838
-5.98148
10.4418
3.10111
-3.275
0.791658
-4.64164
-0.305735
0.0304795
-0.291394
1.3767
0.676267
-1.56215
-2.29341
-2.89121
0.337964
9.99819
1.11475
0.128181
1.93404
-0.87658
-0.587842
-3.61999
-7.30716
-2.96107
-3.20452
-0.31372
-2.2372
2.46406
-0.568279
0.570729
0.680252
-4.54647
1.96865
-2.52447
2.99864
0.17502
9.11844
-2.35995
1.27393
-2.01853
-17.5575
-1.59224
0.0257925
-1.98104
-8.1976
0.440636
-0.379203
1.02218
-0.315319
1.23383
-1.2749
-2.66938
1.00482
5.72404
-0.183968
-0.551269
5.82903
-2.43796
-0.384314
-7.68181
3.77012
183.292
-0.0873238
-3.06927
3.38133
0.791581
-0.0369136
2.83162
1.03115
-2.64749
-8.81297
-0.224242
-0.95631
-0.0821624
1.60355
2.86661
-5.92746
0.254943
10.8018
0.423443
0.303417
-0.255961
-0.925336
-16.6562
-1.12285
-0.188199
0.570521
-0.78789
0.193158
-0.921937
9.60871
0.379175
-3.78263
-1.5315
-6.75504
0.178139
-4.78197
-0.987425
-0.470475
26.2807
1.77309
-1.58255
0.472514
-1.44935
-1.45265
-0.363146
2.41243
-0.112075
-1.12702
4.75375
-0.469986
-4.31771
0.018229
0.194899
3.28769
-0.00042376
0.16762
-9.82299
19.4912
-0.46345
0.922581
0.677976
1.58115
-0.919727
0.753897
0.791953
0.455634
0.519339
-2.64481
16.7478
1.24411
-2.58476
-0.289572
-23.6581
1.54307
-0.518234
0.911862
-0.0947852
1.11467
-16.7267
-1.09972
-2.48877
-0.478832
-0.15711
1.06431
0.391223
1.96996
-0.317341
0.401472
-0.107405
-0.536462
-1.91778
2.11389
-0.688911
0.524708
0.96888
-0.766371
-1.2753
0.302416
-2.88928
0.0533087
4.37002
0.486223
2.22279
0.105458
3.2955
-1.43967
-0.782086
0.779753
1.14192
-5.46354
0.558427
15.4945
-2.93095
-0.0111673
0.169129
0.857941
-0.313462
174.418
0.081238
-1.41717
3.8558
-0.0711951
1.12859
32.975
0.372176
1.59398
-0.892754
1.09935
-1.78742
6.37297
2.26536
-0.006454
-0.958731
0.240172
-1.41851
5.49155
0.367145
-3.63709
0.344914
0.493239
-1.11908
10.9221
-1.53468
0.519328
0.607478
0.0539958
0.48346
6.78227
1.41386
-0.59106
1.73449
0.104876
-0.62476
2.3929
-0.712508
1.63545
-1.4326
-3.24911
0.0266548
16.2402
1.68028
-28.526
0.00224551
-1.17753
0.0559745
-4.07835
2.44893
0.355299
0.55312
4.04631
0.811391
-2.26435
-0.99072
-1.69775
-2.26175
-0.826362
1.80038
12.9643
1.61945
-9.4349
1.56138
0.462356
-8.10391
-0.458292
-0.541888
-0.149521
0.459645
-0.595064
1.82851
0.0277401
-2.32067
-2.02654
-0.285789
0.801704
-0.730672
-1.62143
-1.67713
24.0093
0.206235
0.30815
-0.0645503
1.50649
-0.389186
0.201048
0.185297
0.331227
-16.3498
-0.102135
-1.4529
1.00141
1.33891
4.21683
0.129787
-3.60853
-0.0411329
0.205367
0.889887
-0.0676209
-1.034
-10.8387
0.571248
-0.518855
-0.354011
0.292192
0.270589
1.69908
-0.364589
-0.658623
-0.566025
246.1
0.51245
0.369103
-0.1583
0.993096
0.202612
3.84477
-0.620485
-1.33296
-0.513069
10.2329
1.89192
75.6753
0.2823
3.27839
-2.93472
3.13128
-0.0092188
-1.99388
-5.72288
-1.87305
0.894865
3.44119
-2.26704
-0.507172
1.57393
-0.313956
-0.906227
-0.162649
-1.25088
1.01825
-1.95747
-1.31051
-1.42841
0.0609445
0.692398
0.371439
-1.9198
-0.459082
-0.0832091
1.08849
0.128278
-254.676
0.320335
0.420972
-32.3742
-0.494325
-0.642954
2.68617
-0.648502
7.32401
12.305
-0.655376
-0.810626
-0.20983
1.03657
-0.808902
0.018515
1.05008
1.04693
-11.6275
-0.500027
3.08034
0.210111
2.0883
-0.661038
2.0829
0.155972
6.23323
1.16197
0.258395
-149.261
2.45076
-0.389117
-0.622712
-0.46173
0.244366
-0.0950053
0.765884
-0.233795
-0.422758
8.26206
0.127601
0.491469
-2.31114
3.91129
1.80183
-1.52132
4.16678
0.231852
-0.593658
-0.437834
-1.59672
0.959521
1.94144
0.804014
1.42526
0.13478
0.901233
1.48993
4.88922
-0.120997
-0.431038
-1.31135
-0.924622
0.209531
1.19915
-1.93752
3.88672
0.545183
-6.78037
-0.574755
-0.375991
-3.1052
-1.05419
2.88174
-0.116842
0.104539
-19.584
2.58437
-24.3504
0.562728
4.55997
5.82822
-0.0421606
-1.10751
-1.17757
-0.0534705
-0.467279
-0.406832
2.06346
-0.926017
0.54192
-10.0541
-0.144065
-2.83589
-1.78269
-0.0794143
-0.168258
3.84705
0.0298119
-0.0118323
-2.28451
-0.00885091
0.13301
0.913624
-0.922755
-0.0688483
3.1647
2.75522
-0.0830771
4.13883
1.24533
2.72221
4.94586
-0.296917
0.151087
0.797789
0.132358
-0.664321
0.58812
-0.321292
0.129877
-0.619606
-6.10341
-0.602789
0.198811
-1.36936
0.332261
2.32987
0.0850901
0.897928
0.89851
1.0179
-5.47813
-3.94027
0.27333
0.256592
-6.12375
4.59055
-0.698114
-1.2055
-0.0243237
0.152283
1.89002
10.5307
8.96952
0.00899352
-2.11875
-0.0421862
336.736
-0.0532328
0.534593
-0.23719
-5.09125
3.73118
-0.1373
-0.450314
6.67066
2.40522
-0.546498
4.46006
-0.938967
0.195162
-0.2592
-4.33582
3.35294
-0.140305
0.889519
-0.0193845
-0.314954
-0.0233989
0.421286
0.706978
-2.49182
-1.46816
-3.11957
-1.49653
0.786925
-0.653131
-4.9261
-1.49309
-0.476099
6.17743
3.38811
0.759962
0.135489
1.30491
-3.61121
-4.28815
-0.974394
-4.3062
0.442522
-1.71963
0.0404958
0.791557
0.6401
-1.32923
-2.08465
0.0498952
-3.99556
0.742288
-0.0115172
0.483966
0.863559
5.7014
-2.17824
-0.84678
-2.79968
7.87284
-0.900474
-1.4979
-0.408611
2.4514
1.14584
-2.45912
0.319324
27.5512
-2.53401
0.885387
-4.45501
0.0228135
0.705409
3.7704
-1.78199
3.04384
0.519359
0.408893
1.44886
-0.0988797
30.2241
0.946887
0.228279
-0.330766
1.91022
0.0367379
-0.206538
-1.35306
-0.23442
-0.525828
1.89012
-1.36525
1.0867
0.0857306
1.60276
-0.875684
-42.6363
-0.505711
1.30873
0.420444
-0.768851
1.48709
-0.331
3.20674
4.69576
-2.09986
1.81851
-23.2448
-1.13219
-2.80065
1.08638
-0.473192
3.11329
-0.126487
1.24432
0.0102422
0.107568
-0.330429
0.834709
-0.449079
-1.73254
-0.127217
-0.774466
0.939053
3.68169
-0.529129
0.242139
-1.01628
2.0518
-0.751634
-0.252921
-0.495465
0.701396
-1.6596
0.475077
-4.32211
-1.06869
0.817612
-0.499407
0.909894
-4.00724
-1.41668
1.3441
5.48505
2.61942
-0.406482
1.64111
10.3956
2.51
0.604251
-17.6246
-0.0120581
1.26387
5.76611
-4.3615
2.11319
-1.70588
2.64775
2.82911
0.182529
-0.0924818
0.885303
2.02077
2.23483
-0.420091
1.6092
-1.63194
-1.29912
11.56
-0.827144
0.0788096
-9.92092
1.12998
-0.465474
-0.4968
-2.42423
-0.389247
0.685353
1.37944
0.327723
0.030036
-2.46
-11.5437
4.61897
1.47431
1.57619
1.59814
0.154798
-0.329133
-9.4891
0.480404
-3.28415
1.69543
1.34353
0.134625
-0.0370463
-1.78552
0.146719
-2.52555
-0.226407
0.465297
4.4018
-1.01804
-0.241542
2.38287
0.0487862
1.05029
-2.53606
0.937919
0.326783
22.4057
0.124703
45.0002
1.16119
0.0381088
-3.38713
3.43214
0.356142
-0.187649
-0.826659
-0.088233
1.14406
-0.583689
-0.34766
-2.84392
-0.332653
2.8238
5.92888
0.843495
-0.362197
-1.20453
-0.359609
2.08099
-1.20228
-0.443665
-0.311108
2.21496
0.109902
-24.2722
-11.5527
0.86975
-1.93865
20.4333
-3.12281
2.02274
0.0877963
0.759827
-1.86675
0.265847
-0.169602
-0.28914
0.570976
-0.0416075
-2.58264
0.0168647
1.77868
-0.288151
6.56487
-1.3059
6.38348
1.15525
1.84532
-1.45531
2.04604
13.9573
-1.25825
0.2829
-0.706894
0.136098
2.65229
0.00638744
2.00467
-0.363953
0.0300604
1.17571
-5.60948
0.375248
0.204027
0.595878
-0.678984
1.0776
3.49726
-10.8827
-0.334172
-1.91218
0.509431
-9.58732
-4.58282
-0.355937
0.415715
-1.70439
0.832708
-6.80402
-0.865099
8.10702
-4.4725
-0.138709
-0.217978
0.38995
-0.261602
0.791736
0.901596
-0.373002
4.21608
-0.0550109
0.0289995
1.52189
1.88449
0.715297
-3.87291
0.604228
2.16059
-0.581838
-0.059119
-1.1831
0.180508
0.231885
-61.4609
-1.60686
2.01022
0.742275
0.574483
-0.331682
-7.72924
-1.8262
-0.325003
0.365265
1.58261
-5.98246
-1.04887
0.927256
-3.00084
0.940644
0.808661
6.82422
0.674713
-14.1471
0.11081
0.0223518
1.97611
-0.694789
-0.743327
0.458774
-2.10396
0.732028
2.12579
1.66022
-0.23436
64.9667
-1.27107
1.44821
-0.170925
-0.0791138
-2.7039
-0.172768
1.5936
0.41694
0.283195
0.781956
-0.550423
1.65465
0.32162
0.247762
0.713597
-0.285233
-3.2589
-0.786144
-0.970862
1.83087
9.62361
1.37257
0.0498633
0.40868
0.611136
0.277274
1.80554
-0.372522
-0.410431
-0.362912
12.4148
0.276863
9.57202
-0.478657
-1.23149
-4.63204
0.582485
-0.92166
-0.462997
-0.240189
-0.130808
-2.52541
1.34565
0.852746
1.23825
-8.76858
-0.442337
0.0967324
-22.8097
0.524593
-0.325178
0.950189
6.93343
1.14756
0.12003
0.315512
-1.33863
-0.162003
1.52978
7.56273
0.0168239
0.0797385
-2.33144
-2.00306
1.73955
-0.776549
-1.67987
-2.76135
0.156087
-1.44845
-1.39478
-0.564266
3.66222
0.0883126
-0.0660249
-2.14341
1.4572
0.699972
15.935
0.735215
0.486012
-4.66955
0.466574
-32.8293
-1.02661
-0.526088
-0.593703
0.0895648
-1.35058
0.839131
-0.697486
-1.88941
0.121948
-28.3723
-3.77204
3.29202
0.788337
-0.00352312
0.17989
0.523234
-0.428485
0.718996
1.94278
1.63243
-280.778
-0.535825
-0.368456
-0.911723
1.03426
10.9451
-1.71229
-0.463762
-0.0076859
-0.0664587
0.74848
-1.56631
0.201206
0.608174
-0.465883
-4.94365
1.52674
3.72584
1.34341
0.352818
-1.18297
0.910542
2.99256
5.17805
-33.1822
-0.759795
1.23526
-7.58716
2.3794
-17.1153
1.84234
-4.09476
-0.331416
-4.93568
-0.680175
-0.542384
-0.169413
1.03622
2.48929
0.971217
7.27326
-1.59674
-1.22524
-1.67948
-0.292056
-0.718443
-3.64376
-1.35581
11.6606
-5.78132
-1.2135
-1.81255
1.68944
1.57447
0.13365
-0.277183
0.471551
3.09369
-3.03038
-12.0554
-0.123898
-0.764425
-0.630459
-3.79683
-0.159399
-3.83789
0.733106
0.487565
1.84453
0.440243
-6.77485
1.78629
0.423275
-5.61799
-1.02932
1.06528
0.666439
11.3709
0.207262
-0.0836605
-2.62288
1.34726
0.698801
0.852852
1.73247
2.66667
-0.613275
-3.67146
0.178194
1.18701
11.3859
-1.19224
4.22839
1.78756
-0.906643
-7.16067
-2.52364
1.93591
-0.153306
-4.86497
1.14908
0.188664
-0.14233
0.417274
1.37525
-3.83102
2.45913
-0.68114
-0.611435
0.0315211
1.57874
0.707032
-0.272296
-0.6821
-0.0827182
-0.933144
0.0790272
1.53003
-0.562605
-1.34073
0.0967889
0.215772
-0.0785745
1.96816
0.190922
-7.94509
0.503422
1.84656
0.541123
-2.01605
1.43089
-0.776513
-6.35577
-0.228495
0.261205
-0.713899
1.96818
-1.09383
-1.73172
-5.00078
-0.27494
0.811233
-0.056098
0.459818
0.201015
-4.72554
-2.06423
-0.177735
25.2682
-0.23293
-0.214737
-0.174497
-2.438
-0.951454
3.45281
4.16301
-1.60266
0.47892
1.08592
1.78047
-2.26182
0.647576
-10.3337
0.376208
1.08968
1.50445
20.3842
2.01424
-0.480963
0.302937
-1.0525
1.42841
-20.471
0.00716249
1.71727
0.200548
-1.65258
2.67028
-1.79729
1.12086
0.955619
0.422155
-0.222427
-0.0905526
0.700268
0.147905
-29.3653
-0.505787
0.478361
-2.23355
-0.363204
-0.772142
-2.5722
0.961443
-2.22176
-13.1075
1.62658
2.19929
-0.817702
0.165229
1.79511
3.0558
-0.913249
0.267686
1.90128
-4.00159
-0.524379
1.1788
-0.875555
42.5483
0.159859
0.940618
-0.460041
-1.92644
-24.4617
-1.59932
3.02172
1.37112
-32.7283
0.337221
-1.53542
1.19031
-1.86173
-0.771334
0.541774
0.776339
-0.112638
3.2646
0.234644
-0.461537
-2.19981
0.812755
0.168928
-1.05735
0.465424
1.06199
-0.0237736
0.643273
-0.570551
-1.0721
-0.25519
3.53456
2.10776
-0.120576
-0.260025
1.98511
6.83431
-1.30135
-0.397322
-0.3375
2.27898
0.443047
0.320507
-10.7755
4.40314
0.869749
146.343
-0.650598
-0.846779
4.45518
3.1881
4.04463
-1.12479
-6.6419
-1.2558
-0.642139
0.342708
0.161887
0.0178971
-1.1543
-1.53018
-0.358274
-8.40406
0.248402
3.11633
-0.424514
2.27225
-3.20261
0.137858
-1.04978
22.8259
0.201777
-12.0335
0.0496998
0.635649
-0.0843916
0.228075
0.787728
-5.49967
-0.479723
-0.314208
-2.39476
0.461473
0.0525435
-1.08068
1.33857
-9.07856
0.513755
0.972485
0.80416
0.532229
-2.99389
2.29954
-0.369599
1.25394
0.393683
-0.0991406
-0.308593
-0.854297
-0.540287
-0.246403
1.39324
-0.511934
-1.56699
-16.1079
-0.901963
-0.941914
0.26363
-9.69108
0.752687
0.763396
-7.06809
1.5875
0.767246
-0.872199
0.10448
2.52264
-8.74301
0.0623915
7.50721
1.86258
1.68873
-0.654563
-1.45475
-0.0513363
-1.55813
0.780435
-1.58739
-1.03503
-2.13886
-0.535497
1.72593
-0.761627
-1.63976
-50.9282
0.505087
2.91677
1.49303
2.11759
24.1275
0.504562
-5.9668
0.349994
-0.667633
-0.16063
-0.321535
0.0409324
-1.06508
-1.21529
21.3812
0.822583
-1.3252
0.416952
-1.46509
-0.600343
4.28377
0.0602288
0.527607
0.315688
0.621432
-0.0637198
-0.635822
0.61965
9.99633
-1.01384
-0.222407
-0.22711
-1.14608
-13.0974
-0.674509
0.208291
-2.16136
-1.98568
-4.10228
6.57669
-1.00204
1.63762
0.382207
-0.950894
2.26603
-0.227621
7.20824
-0.171737
0.868162
-1.34809
-33.4314
-0.816979
2.18975
2.05893
-6.65225
-0.680237
-0.0672494
1.07136
-0.359529
0.754447
-0.604557
-0.120724
-1.19275
1.29115
-3.63403
4.46503
0.517278
1.24993
-0.143999
0.587701
2.41367
0.159435
-23.1836
-18.6153
0.861533
-0.6516
-0.303765
-0.73319
-0.656303
1.3239
0.316039
2.67558
0.673943
-0.473209
-0.828132
-1.18692
-2.37921
1.12192
0.815843
-0.343581
-1.587
1.44952
-7.22377
-1.03916
-1.04636
0.446199
0.139134
-0.920281
-2.52593
0.969356
-0.33393
-0.705799
-1.14567
-13.9146
-0.427023
-3.24675
0.324592
-8.88823
-1.08337
0.995613
1.06856
-2.1314
-6.60779
-1.39316
1.3865
-13.8499
-0.325361
-1.86149
0.164562
-0.0936217
6.15984
0.123346
0.140456
-3.88288
0.490198
-0.578399
-0.661744
0.133425
-1.88868
0.687535
-0.216441
0.630608
0.0819879
-61.3082
-0.197816
-1.62937
0.685083
4.27875
0.0405482
0.648531
-1.04828
-1.96952
1.43293
0.17452
1.07919
-0.191515
0.597669
9.45085
-0.273784
-1.42364
1.26785
-0.625593
-0.34275
0.358787
-2.49147
0.22584
-0.935896
0.527186
0.0402635
0.16543
-0.102069
0.948678
15.6706
-1.93579
-1.29554
0.651284
-0.894832
0.115958
-1.14077
0.176727
2.13075
0.873501
-0.463355
-0.0534564
0.224538
0.221789
0.678243
6.18978
2.64691
-0.443638
2.99435
4.97521
0.557314
1.90161
-0.228165
-24.7606
0.69866
-0.0581097
-10.4259
2.35333
0.165543
0.237706
-1.03299
-1.43903
-0.212991
-1.03902
1.39434
2.57821
-0.587973
4.17073
2.55154
4.25415
0.422993
-0.414847
-0.807545
1.40754
0.638579
0.128327
-15.4503
5.55617
-2.80209
0.546841
1.50447
0.0830474
0.0647703
-1.81309
0.4874
-0.32713
-0.756316
182.2
-1.55872
15.8437
-3.81013
-8.22322
-0.785526
1.23026
-0.0807023
-1.27165
-0.0798167
-0.430984
0.812897
0.446067
0.845036
-0.966482
-0.552024
0.954906
-0.834966
0.204723
-0.328258
0.27993
-1.91876
23.8654
2.84648
1.90472
0.456589
0.978047
0.409519
0.606854
1.54966
1.05458
1.84932
0.971147
1.44625
-0.995065
-2.2767
-0.34151
-59.7625
7.62166
-0.0354604
-0.074941
1.27386
-4.44271
-0.701657
-0.413864
-1.09999
-1.93601
-9.04836
1.95101
0.45654
1.29212
-10.0687
-16.9206
4.56488
-0.561411
0.920719
-0.473367
1.56156
-1.32443
-0.159133
1.56808
-0.329989
4.37378
-3.03573
-0.6429
-13.6623
-0.51961
0.511126
-0.0694029
-0.636929
-0.0498062
-1.12249
-1.65457
1.19937
-0.104491
-4.11006
3.11739
0.289193
5.57297
-3.13697
2.06793
1.74278
0.872287
-0.397558
1.92003
0.655103
-2.57175
0.64582
2.22844
0.596594
-2.85958
-2.93701
-1.25723
-0.694701
-10.3155
-0.414036
-1.02097
0.49845
-2.26809
0.841833
-55.7335
0.214369
1.77652
-2.8824
0.935144
0.532153
1.1486
2.67722
0.0154471
4.19008
9.48493
0.371659
-0.513332
-1.41579
-5.68835
-1.78572
-0.346168
0.0704608
-0.911328
0.810424
-0.0183028
-41.6522
2.08316
-0.190672
1.50956
-0.0287678
-0.805026
1.82311
1.31268
-2.61564
-0.539778
-2.17068
0.346818
1.49665
-0.369321
-0.057152
-2.22515
-2.43266
0.634169
1.12105
-1.7555
-3.34974
-19.8906
-0.353078
5.12058
-1.23137
-0.11736
0.977967
-3.6594
1.06226
1.66135
0.459356
0.356464
-0.716487
0.465011
0.37943
-5.94992
5.76225
0.0365231
-0.752409
2.03894
-0.518263
1.64076
-3.92721
131.583
1.42256
-1.77417
-1.93334
-0.150184
-0.296112
-4.94721
-17.0392
-2.62504
-1.25154
0.146668
19.2707
-0.895244
4.08713
0.146092
1.7896
1.32652
0.592024
-5.14868
-0.29734
-0.800517
2.88727
-4.19868
-0.727955
-1.64335
1.5817
-0.160754
1.88754
-0.599891
5.16387
1.90106
0.79682
-1.04053
-2.24338
-0.889113
-1.18403
-0.0958054
3.06472
-4.52685
-0.353505
1.29463
-0.0541174
0.035705
-0.42846
0.933524
-5.07855
0.33286
-0.909116
0.320379
-1.14182
0.996373
-0.323005
-0.353903
-0.940787
2.22942
-0.114009
-1.14549
1.50359
-0.29235
13.5308
-2.72706
1.98052
-2.1303
8.66687
0.281834
-7.76237
-1.85492
-0.109424
-22.5789
4.09673
0.37236
1.26194
0.229812
9.75533
0.377451
-0.0178163
-6.38995
-0.0236605
-1.21901
-0.635172
2.13741
-0.178661
-37.6946
0.17531
0.22182
-1.66614
-0.693127
-0.115729
98.7229
5.34586
0.552244
-3.58164
0.595111
0.744891
1.49137
-1.15635
0.0599176
-1.08892
0.71555
0.169984
-0.0721492
1.36972
0.814313
-0.287741
0.173221
2.35575
0.180387
0.0258023
0.734937
0.286148
2.22692
-6.98348
2.17641
-1.08281
1.11203
13.7363
-0.775911
1.50568
-1.1511
4.06844
1.3399
-4.90035
1.12197
-2.37695
2.30425
6.94942
-5.45319
-1.09536
-2.12249
-0.00820007
-1.86356
-7.32361
-0.477504
-5.79888
-0.653161
2.56408
-0.870888
0.164385
1.54969
-2.56686
0.528961
-38.0828
0.124456
-44.2369
-0.248616
0.606645
1.88497
-1.32022
9.42481
-0.967213
1.6201
2.25031
0.920323
0.233628
-0.26819
0.221885
0.281164
1.53212
0.995481
0.482573
151.225
2.60605
1.10484
-0.154976
0.219047
11.6474
-1.30428
3.98754
-3.11484
3.76332
0.539959
0.0190567
-0.800302
-7.60543
4.49806
0.480704
-1.00008
-0.264222
0.192872
-0.207091
-0.534363
0.179857
-1.87601
2.20273
0.598819
-3.97613
-1.07513
0.533876
-0.653403
-0.541681
-0.214031
0.568715
-0.713776
25.3285
-22.8009
0.622146
-0.464416
-19.8906
-3.15894
-1.3652
0.897369
-4.37595
0.334984
7.93169
-1.28317
5.49601
0.018879
3.39896
-0.79666
3.525
12.1866
-0.643246
0.560415
0.264086
-1.60228
-1.65284
1.97856
-1.37186
1.56194
0.359231
-0.167525
1.22015
-1.14889
-1.09431
0.268804
-2.3451
-1.39043
-4.36798
0.934116
4.84937
-1.27697
1.56287
0.608859
-14.263
2.19519
0.19476
-0.822121
-143.097
-11.7879
0.098024
-1.42266
0.573869
0.13027
2.58265
1.67746
0.554416
1.71534
4.72354
0.53651
1.67495
-2.84245
-1.00827
1.26952
-0.331813
0.952538
-1.73933
0.529788
1.15318
0.519216
0.558434
-1.60538
-113.772
4.54303
-1.54649
0.861427
-0.39642
3.45212
-0.395257
222.271
0.394223
-0.920821
0.163246
-0.135328
2.60789
-0.535947
0.288732
-0.983019
-1.72046
0.598143
0.986998
-4.24013
-3.33435
0.490838
-6.14521
0.0509882
-0.106039
0.274463
1.7425
-0.528547
1.1135
3.86885
-763.973
0.973425
-1.24771
4.77699
-69.542
-0.273803
1.13855
-0.82192
32.0792
-0.297714
1.03993
-0.0887677
-5.46241
-1.18873
0.182763
1.13856
-1.43205
-5.46689
-1.08895
1.98018
0.117869
0.822476
0.944698
-3.87794
-0.936469
1.32293
-1.23017
-0.450311
0.429351
-19.8239
-2.73816
-18.4073
1.32099
-0.922816
-0.986836
-0.120711
1.4951
-0.254338
-3.01764
1.19476
0.515156
5.04056
-2.07287
-0.0224188
-0.961644
-0.24411
-196.052
-0.570125
0.26322
-0.976856
-10.1025
3.77634
1.82844
-0.222373
-18.2068
0.6966
-1.7101
0.734917
-0.338756
14.2204
-0.634739
-1.9506
-1.73756
-0.868248
-0.047093
-0.359018
-0.288392
-1.25231
-0.997899
8.83271
0.364286
0.086224
-0.473709
3.50287
3.37285
-0.55897
-0.1659
1.66365
5.90362
6.00858
15.7784
-0.375028
0.47849
1.4178
0.251977
0.469705
-120.251
-0.232474
-33.0301
-1.62303
-0.801845
-1.11917
-4.96984
-1.06527
0.00232973
-0.167733
-0.317311
-0.0723145
0.910018
0.589814
0.674858
0.0907395
1.3184
-0.459503
-0.374488
0.680533
-4.41761
-0.302065
-0.324367
0.150354
-0.392638
-4.35485
0.363517
0.330761
2.47968
-0.566911
6.33088
-0.199085
-1.16845
-5.86503
0.422201
1.0467
3.27907
0.937378
5.3338
-5.11493
2.85817
2.06639
-1.61512
35.3513
-0.800336
-0.742661
-2.76624
0.828047
-2.77629
1.38851
0.156236
1.34018
-0.880558
2.06547
1.53232
0.991581
0.480101
-1.22298
-2.0347
-0.181161
-0.874391
0.925217
0.820892
6.90988
-0.176077
-0.438263
0.489775
-0.343198
-0.589585
0.4624
42.5901
-0.7816
-0.0467129
-3.87268
4.13544
0.712054
-1.69496
1.44302
-0.460107
-3.87064
0.517618
-1.55587
6.81516
0.443209
-1.37063
0.527511
0.188575
-1.48013
0.272976
-1.03145
0.127725
-4.46977
-0.569949
-0.804447
0.214165
-1.97503
5.30593
-0.06588
1.10821
-3.46504
0.813562
-0.0488255
-3.35257
-0.886004
6.96775
-3.39
0.890547
1.01589
-8.02511
-4.7488
6.12122
0.61012
30.5238
-1.3093
-1.14057
42.8382
-8.37853
0.505214
-0.142896
-0.888734
-0.800882
0.540573
-1.74757
0.174942
0.521894
-0.164435
10.6846
0.629913
11.084
2.33605
-2.98694
-0.772716
1.76532
0.166966
-1.60134
-1.06822
0.387055
-1.95778
2.40581
-1.08887
-11.1343
-5.60197
-0.257125
-0.14313
-0.55538
9.45186
-0.204948
1.08384
-3.14604
0.325712
1.91431
-1.03665
-8.90161
-0.611768
-9.62173
1.25504
-2.73187
2.72465
-0.251613
1.67567
-8.49804
-0.594139
-0.557261
0.476867
-1.56198
0.571626
-2.47154
-3.96821
1.0877
1.49672
0.338218
2.74045
-0.586416
-2.77065
-0.968422
-0.681079
-3.6245
-12.7063
0.0460615
-1.11986
-0.265596
-0.0518734
1.69653
-1.17243
-0.272189
-6.78668
0.720404
26.193
1.01147
2.11807
2.14395
2.08301
-1.1988
-0.557553
-0.23135
2.97406
-0.192189
0.246956
5.91306
-0.602304
0.424107
-9.02993
-0.972326
-0.524431
10.2683
-5.43715
-2.59134
0.280723
1.94014
0.0472916
-0.43286
2.17993
-0.117166
-0.729126
-0.620474
-1.10083
-1.87681
2.41274
-10.2749
-0.0234334
-0.809368
-1.30615
26.3857
2.03251
0.589635
1.37607
0.747201
0.988568
-0.80448
0.997562
0.565326
0.208673
2.80707
-2.09511
-2.4277
0.712161
6.98175
0.937696
-2.47173
-0.111121
-4.90443
-0.643483
-0.619982
2.20547
-3.84991
-0.850927
0.576466
-1.36834
1.21613
-574.214
-9.26625
-1.18802
0.445082
4.13901
-0.536802
-0.778034
-0.519692
0.938311
-2.58878
0.0846133
-0.109525
-5.29734
0.151293
-0.134959
0.0673811
2.1561
-0.913779
2.60177
-0.00687019
0.167732
-1.95968
1.49265
4.03467
-1.17017
-0.221336
5.22429
-1.28087
0.662928
2.26804
0.229742
-3.99674
0.426916
-6.3903
-7.05954
0.939437
-3.54481
0.443877
2.1012
-7.27817
0.723927
-0.441918
-0.00521409
1.8963
15.6159
-0.466471
-8.74718
2.36822
22.297
-0.0816058
1.71878
0.809761
5.12175
1.13492
-0.313151
-1.30387
0.161907
-3.67823
4.21987
0.0104113
-2.23533
-2.01155
-0.0620266
4.02283
0.978784
-2.62765
-2.85468
1.05243
-0.349766
-0.281325
0.0417807
-12.8298
-1.9489
-0.310201
3.54407
3.25515
0.693626
1.18721
-0.272641
-1.54819
1.23501
4.22448
1.40605
-3.30506
0.188431
-1.10955
0.679362
-63.0197
-2.15852
-1.06512
-1.92771
-3.14065
7.1584
-0.309227
-0.455529
-0.91012
0.64628
-2.62264
-0.021404
0.961638
0.0318023
18.9767
15.5207
-13.3634
0.315864
-2.49809
0.868187
1.08972
3.56815
1.30563
106.337
0.807753
16.9957
0.844168
-1.01206
0.785091
0.381319
0.318766
-1.28548
3.41079
0.0781096
0.314605
1.58041
1.12127
24.5949
-0.759753
1.69218
3.22571
-2.73907
481.983
0.947864
-0.977758
-1.25226
1.35818
0.403296
-0.0242281
-0.215174
7.16118
-0.550338
-1.90029
-3.00455
12.219
4.45733
2.09765
2.29519
-26.4031
1.11643
-0.191625
2.06597
0.249027
-1.2463
0.177575
-0.218395
-0.994558
4.22375
-2.20395
-1.85804
5.85371
-0.554555
1.02537
-0.0380792
-6.3886
-24.4882
0.357973
0.169707
0.841456
-353.691
1.302
-6.15663
-3.37855
0.26339
1.38567
-1.21117
-0.423936
-0.105749
1.5965
5.57598
-1.06422
-1.83299
1.0851
0.200103
-0.0678318
-0.0724503
-7.17782
3.0896
0.776059
-1.38179
0.361115
-1.50713
-8.70603
-1.00335
13.9139
-4.66503
-1.65188
-1.84455
0.70319
0.2197
3.38922
-0.11867
-1.13945
1.16433
2.31258
1.04458
1.87486
5.17293
0.443961
-3.36776
-0.872241
-0.039538
-1.71088
-1.1913
2.21609
5.05753
0.471145
-1.60779
-0.639607
6.11408
-1.54335
0.532772
-3.5446
-1.15013
0.0632522
0.586886
0.839664
6.01254
1.81277
7.65193
-2.41573
1.23507
1.12574
0.237952
-1.06221
1.40168
-16.0527
-6.87055
0.371522
-1.30614
0.201315
1.94651
-1.00601
1.23281
-3.37682
3.07474
0.76493
1.32122
0.50958
-1.48472
1.54838
1.0898
-1.38181
20.8725
1.67235
4.53768
-0.660327
0.0787245
2.31086
-0.870212
-0.270301
3.09114
1.86914
0.712532
0.567131
-1.19445
-0.264548
0.802576
0.0195125
0.143955
3.49112
1.08007
0.112139
0.75068
0.479755
0.730693
-0.977856
0.714743
0.246976
-0.590546
-1.52398
0.285086
3.62191
16.2389
-0.184362
-0.67682
-3.38326
0.190306
0.75172
-41.5066
-0.0771406
-1.48617
-2.0876
-1.56177
0.138311
0.0328338
-0.76511
-0.374814
2.96657
-2.93408
1.40636
0.119687
-0.457035
-0.545739
-4.08792
-0.345372
-0.479302
-1.23522
-1.07684
0.215127
0.50779
-3.62032
1.09348
-5.93532
-0.225756
-1.97365
0.783065
0.673688
0.592813
-4.6435
5.32886
-0.555533
-0.165269
4.78014
1.60109
0.939103
0.170449
-0.278548
2.03044
3.50022
-0.372782
-1.44792
-5.91962
0.401352
-0.502998
-0.257117
-0.734086
1.05443
0.445462
0.325828
-19.0464
-0.574624
-0.585848
-0.00580847
1.42438
-2.01589
0.775061
0.319499
0.863541
-26.2455
6.06171
0.254826
-0.976359
-1.61203
-3.24671
0.26201
-1.82925
1.36159
-0.373473
149.827
36.3909
0.748507
-4.11016
0.298641
-0.102501
0.846339
39.4139
3.44837
-0.693995
2.24434
2.13051
2.03907
-1814.54
0.463684
-5.57749
0.770539
0.603618
0.299221
0.536086
-5.90365
0.597759
0.608531
2.03849
-10.1251
-0.541653
-7.24041
1.46439
1.6022
-26.5891
3.16156
4.2545
2.35589
-0.504198
-0.0438985
4.76686
1.37428
-4.26462
1.63592
0.0823903
-6.99458
4.0684
-1.33818
0.860694
1.12815
-0.53789
-0.105257
6.20063
0.12206
-0.967382
-2.11783
-0.719984
0.370307
-5.78718
-2.66396
-1.83278
-1.345
-0.0878282
-8.45046
-3.5955
-2.09062
-1.98631
0.277193
0.0877446
-0.834897
4.34033
1.16597
1.12149
11.052
-2.87439
-0.130443
-0.297388
2.70422
0.993082
-1.30277
0.15143
-0.246725
0.395102
-1.02487
-0.729657
0.546197
-1.35789
-0.781588
0.246485
-5.11542
-1.03716
1.63255
1.09359
0.0562522
0.506471
0.277954
-0.0153943
3.16075
3.7109
141.385
0.397274
0.31211
5.33688
-4.3214
1.09248
3.1102
0.775364
-0.0561158
0.988372
-1.25142
0.845066
0.279358
-0.293371
0.114581
-2.22227
1.4093
-1.1094
0.55658
2.15222
8.13635
-0.12666
0.646477
-0.69209
-0.975841
0.791809
-0.18832
1.26101
1.34536
2.14868
0.215599
-2.12366
2.85518
0.129049
-1.201
0.25375
6.49596
-22.8348
-1.53516
0.196717
-0.151575
8.33114
1.61234
4.18573
-0.0839137
0.0613748
0.791589
-8.74243
-0.404138
0.787861
1.63174
10.1278
-17.3568
0.617088
0.816356
-1.18239
-0.446079
-4.7481
-0.626479
0.29637
12.9186
-2.35596
1.91404
-2.1652
-1.25964
-0.648866
-0.0552742
-7.59447
1.77955
5.21775
0.835497
0.900479
0.0650315
-0.312518
-3.97486
1.3958
0.957905
6.58254
6.63746
0.787549
-3.9322
0.913012
18.8507
-6.91677
0.24949
0.745397
-3.87461
-0.375443
0.374672
-0.045733
-7.79186
3.45603
0.380519
0.893727
-1.43544
0.568073
-0.689188
0.865189
1.18328
1.62827
4.02276
-7.24921
-2.89641
4.82728
-0.25336
0.568474
0.0521976
1.23348
-1.21361
0.42965
1.02771
-0.83719
-0.204754
2.25417
1.20463
-1.28671
12.9138
1.33849
0.0297498
-1.72735
-1.39923
-1.25951
9.20446
-77.5016
-1.87582
0.169302
5.50377
-1.29725
5.51289
2.23394
-6.90087
-1.66453
-2.00937
-1.42021
-2.57124
-0.630801
1.63342
0.421123
1.4108
-3.58133
-0.514249
0.340985
0.0796101
-8.97136
-1.40468
-3.68853
-0.187895
-2.04252
0.158441
-1.49626
-3.55189
-0.289373
0.252101
0.772584
1.14003
-0.671478
1.81824
-3.90422
-3.66806
-1.09195
201.524
6.15812
-1.22592
0.269682
0.528534
-2.87601
-55.4118
-7.71698
4.69428
-1.20611
0.518821
-0.576102
-3.01541
0.632863
-0.0015452
1.48429
0.190969
0.811047
-1.25712
-1.42753
-0.651413
-1.02008
-0.715463
2.01512
-0.393837
-3.1046
-7.06133
18.3019
-0.0589009
1.59999
-3.82519
-3.06804
7.18104
3.01991
0.168331
0.463878
-2.16638
2.61759
0.23165
-1.43612
-0.530131
2.86184
0.188467
1.65382
0.693935
-0.603198
0.915761
-0.375246
-0.531031
-0.182977
-4.57202
21.938
0.0296916
0.61877
-1.70741
1.00092
0.36324
6.66264
0.132868
3.55836
-3.38501
3.49253
-0.546078
0.513133
0.155621
4.05961
-0.271877
-2.37235
1.31695
1.07417
0.278786
-2.2396
2.11293
-0.40503
-1.44436
1.05636
1.01174
-0.0199706
0.625262
1.56571
1.75977
-2.71954
2.72993
3.27157
-4.08288
-37.0484
-1.15706
-2.81861
-0.565657
-0.592069
1.05794
-4.09161
-0.305302
2.81554
0.0565543
-0.133291
-4.82643
0.0549184
0.529538
0.134589
-0.0385665
0.482531
0.969267
1.50624
-1.63121
-1.0469
0.506529
0.150462
-0.367059
-0.0944942
-1.71216
-1.24125
4.92552
-0.876827
-5.50425
-15.3468
1.57937
-1.68047
1.05893
0.65273
0.144357
1.71504
1.18495
0.252626
2.03622
0.0162275
-1.78798
-1.34973
-1.03856
-1.62808
0.882183
1.32121
-5.1989
2.42138
-0.482079
7.25447
1.09793
0.501209
-0.97401
-0.72639
-0.377619
0.656377
0.0486626
0.399743
1.80886
-1.40483
0.914731
-2.17167
1.17858
-4.06344
2.11446
0.28178
1.23794
1.15235
-0.0475052
2.36077
-0.594606
0.608135
0.114983
-0.427775
-0.0211829
-0.866563
-1.49419
0.469881
-0.243007
-1.04834
-0.477975
0.612421
0.112155
1.13848
-0.0512354
0.0582881
8.47711
0.409907
0.331833
-1.74947
-102.221
-0.803571
-0.255048
-0.500189
-0.347358
0.989652
1.35478
-0.0151237
-1.19641
-0.324989
-0.128487
0.744047
-1.17823
0.162603
1.33194
0.302648
-15.7096
4.50489
0.96195
1.00076
-0.205489
-0.745762
-0.538832
-0.657385
0.461765
-3.29146
0.797663
2.31181
0.790825
-0.410735
0.411725
-0.601551
-1.80574
1.91067
1.48416
1.37305
0.482385
-0.468853
-0.384368
-0.488059
5.96554
1.2522
1.24057
-0.684213
-2.86671
2.49076
-3.3142
-4.68224
-2.14643
-0.100762
-0.112211
0.230086
-3.71708
0.0231625
-1.69522
4.62509
0.0610577
-0.254767
-0.788438
4.80333
-1.1807
-0.551382
-2.50483
1.57443
0.135738
-1.71001
-3.52458
0.139472
0.228926
2.52782
-0.683054
5.35805
2.09327
0.427662
-0.334877
-0.618822
0.405356
-0.644023
-0.422723
-1.03133
70.5087
-1.16683
-2.57157
-3.16967
1.04911
0.164392
1.0385
-1.54095
-0.742531
0.54393
-2.24053
-1.31188
0.447501
0.191041
1.30157
30.8162
-0.0950099
0.70447
-0.0409633
-0.391809
0.538627
1.64885
0.433862
0.208131
-0.676678
0.644691
-1.31714
-5.55541
1.52062
0.35428
0.657441
-2.20213
1.72587
1.23583
-0.950269
0.603219
-3.41954
87.8379
-2.41014
-0.0925301
0.19759
-6.10539
-57.0284
0.232209
0.459476
0.910725
-2.33455
0.582866
0.0444395
1.50536
-1.66364
-0.439612
-29.0134
-5.37115
-0.388037
-1.70684
-2.93944
-2.70852
2.97952
1.84602
-0.308397
-0.0482015
-11.0234
0.0976029
0.19501
-11.195
-0.767157
7.47947
2.15306
-1.10693
-8.89281
-0.909827
-0.121898
-3.61693
1.15995
-0.196123
-1.22514
-15.3102
-0.225331
0.572244
0.0823156
-7.74964
-1.96404
-0.0179349
-0.191873
-1.19767
-0.294689
-4.80232
0.0848969
1.88044
-1.31181
1.14731
1.39898
-3.80508
-0.129194
-0.425508
-0.431907
0.374314
0.642071
5.56857
1.97695
-0.622606
-0.212557
0.508187
0.573175
0.70868
24.3831
42.6037
16.6246
0.169862
-0.0744382
-5.29814
6.19581
-0.197092
14.4996
-12.4758
-8.71593
-0.119885
1.01161
0.102754
0.179299
-0.324455
1.2246
4.02019
0.720612
-1.2168
-2.8238
-19.6974
0.888167
10.3581
-0.76245
-0.216604
-0.68182
-1.36637
1.81324
69.0382
0.362374
-0.58183
0.112357
0.409922
1.51082
-0.743391
-0.797136
0.0197245
-44.9537
1.92089
0.109541
-1.15693
-0.700516
-0.27341
-6.25758
0.126838
1.01405
-0.246478
-18.5891
3.13232
0.687162
2.762
1.15687
1.1534
0.0232961
-0.177687
-2.71602
-0.262781
-0.556659
-1.63136
-2.13673
0.355216
-0.794797
-0.783144
0.456309
-51.1781
2.46953
-1.54008
7.63158
-1.74749
0.496318
-3.7601
0.380705
0.0459115
-0.462784
-0.294867
2.39529
-0.829557
-2.4194
-0.506911
0.310456
30.4327
-0.788442
-2.54072
2.12671
1.23249
11.4502
0.856536
-1.48743
0.469057
2.0013
56.7071
-0.998788
0.608947
1.06947
0.0836898
-0.587046
0.84425
-0.968526
2.94744
2.52453
-0.264969
-0.292631
-0.511064
2.40673
-0.196316
-9.68882
-1.16017
-0.670407
0.309256
-0.543463
0.596509
-1.81852
0.731096
6.39186
1.00111
0.195033
1.44928
0.14372
0.570303
0.299065
-1.67568
-1.75292
0.126805
-0.592241
-1.20786
-1.19867
1.93579
-0.286426
-1.09635
-0.950535
-0.673268
1.54927
-1.77058
-0.923904
0.1489
-1.53549
-0.401779
-0.189655
-12.4646
-1.05378
3.30146
0.615788
0.000468195
1.90031
1.6617
3.26847
-2.37902
-1.3068
-2.54587
-9.31737
4.06814
0.289694
-0.960225
-0.632945
-1.30766
1.01467
0.850519
0.395033
-64.2614
0.601853
0.357812
1.226
0.0446874
2.76005
-1.07865
-3.08775
0.24931
-0.814133
-0.41363
-0.51655
-1.54136
-0.71804
-0.108217
0.175184
-1.32494
-0.73162
-1.95205
-0.360333
-14.3573
9.31652
1.94469
-1.14977
-0.933566
-0.819795
-2.70028
0.604392
-63.7506
48.8132
0.163022
0.357644
-2.10935
3.16068
2.66469
-0.449929
-0.494981
0.825706
1.31373
-0.65784
-0.226849
-2.0169
-0.23881
-0.0569128
-3.73165
36.1056
0.114624
-2.12108
1.97436
1.36119
0.710721
0.97646
9.57599
0.22861
-1.86775
-1.51259
0.383038
-0.491401
0.379044
1.6252
-0.800624
1.72707
-0.527816
-0.246473
1.96849
-2.16198
0.988863
4.47653
0.812556
1.3494
-0.34136
-3.90181
-5.57399
-0.449714
-1.0683
0.155042
0.706299
0.240768
-0.169013
-2.59527
-0.0806149
-0.751703
9.11088
-0.117079
-4.08869
1.01528
-0.11963
-1.1562
1.3775
0.118168
6.14984
39.5568
-0.00691653
1212.97
-0.218499
-0.109458
-0.429895
0.0640704
-1.11641
0.585686
1.4519
-1.44034
-1.34031
2.0891
0.563669
-1.25976
0.455458
0.619227
-1.16914
-1.27924
-0.147973
0.0774179
1.42785
-0.523133
0.673299
-1.40396
2.37844
1.13824
0.624788
-0.705872
2.13232
0.10181
0.700034
1.02507
-0.0898055
2.2764
0.612531
-0.285779
-3.48728
-3.44395
0.336271
0.0256741
-2.0169
-0.752368
-5.4761
-9.25032
2.01564
-0.536672
-0.998337
2.06122
-0.721045
-1.33808
442.171
-0.650637
0.475625
-0.356461
2.45694
9.21172
-0.40173
-0.0103362
0.0527764
-2.77195
0.323183
0.81813
1.0853
-0.0759237
0.608553
-0.00990992
2.73177
2.08909
-0.0778825
0.398212
-0.59569
-3.08265
2.29604
8.96339
-0.821607
3.71068
3.75677
-0.342079
5.14882
1.04532
-0.0553181
-6.51406
0.939651
1.25455
-1.17106
0.391436
1.53162
0.485839
-0.155374
-0.685252
0.218325
0.22213
-1.27188
0.423788
1.14386
-0.429732
0.689858
-0.996742
-1.09941
-5.07614
1.26453
-1.08121
4.50555
0.314387
4.93953
0.0241075
-5.56348
0.343137
0.94624
1.83412
-8.52176
0.142327
8.21006
4.09651
0.47636
6.15588
0.352086
0.0688884
0.905876
4.61027
0.364357
-0.219065
-4.59692
-0.902799
-4.19037
3.09439
1.53227
-0.613914
0.431383
-0.450038
0.475458
5.32054
-1.24555
-0.800858
10.005
2.17151
0.365813
1.06467
-0.855043
6.59448
-1.62765
0.268606
-1.49501
0.142529
0.231263
1.17242
-19.3834
0.0758438
-0.187723
-0.905911
1.06434
-0.657571
0.775977
7.99893
-0.382179
-1.72659
-1.19094
-0.302218
0.376468
1.27635
2.40996
-28.1746
-2.8437
1.08732
1.09846
-2.59075
0.859853
2.1439
-0.299223
-0.197117
7.62613
0.119983
-2.06446
-3.95218
2.20537
0.841306
-0.147441
-0.759505
1.34009
-0.151575
17.3364
-3.08682
-0.270341
-0.26002
-0.0839333
0.352177
-0.00454612
3.81423
0.508699
9.87914
0.306657
7.69197
-2.51953
0.158941
-3.38759
-10.1988
1.80952
-1.94036
0.0391742
-0.496782
-2.88726
0.0804578
0.541639
-0.409506
5.30868
0.501103
-0.38308
-1.752
0.467038
0.0126832
11.2617
-2.53552
0.0957789
0.305455
0.197083
-0.267902
-0.295149
-1.81909
0.571356
-0.482374
-0.762119
-0.83021
-0.0324248
-1.19077
1.68526
-0.340255
-0.590967
-7.61822
0.292396
0.225408
0.634245
1.27436
-0.517957
0.268245
-1.32144
-0.287295
-0.715844
-2.42812
0.165331
1.30074
-1.11071
-2.64101
5.23685
-1.98782
36.6471
1.02121
5.20468
-2.73516
0.0214726
-0.0946904
0.15351
3.73701
-0.742125
-1.57849
-2.98794
0.148017
4.01046
-0.789274
-2.42171
0.313182
-0.207087
1.00009
0.973328
1.54917
1.01036
2.54352
-137.898
-0.845035
0.0450779
-0.104467
-6.06367
0.870833
-5.79902
0.365636
-0.516327
2.72535
-1.48936
-1.07455
0.993007
-0.466164
0.742436
0.375122
-2.36726
0.345204
2.25607
0.365038
0.423956
-6.61567
41.3768
2.36997
-6.24571
-4.82381
-0.42082
-0.746512
-1.21499
-0.428398
0.0500629
2.03278
-0.152475
0.928372
2.15636
0.601722
-4.25805
0.549314
1.54257
-5.75304
1.15527
9.30869
-1.28189
4.55798
0.283609
1.34414
2.25979
-0.0669811
-0.679188
2.62097
0.0284549
196.708
0.0327099
-745.391
1.32931
-2.49835
-0.711051
-0.749978
1.68654
-5.71268
-1.94417
0.48372
0.341572
1384.85
-2.92096
2.52304
31.9779
0.295108
-1.37097
1.28105
-0.209759
1.14959
0.758172
-2.88269
4.1338
-0.458342
-0.398486
2.12465
-1.78114
2.10442
0.214767
-1.74882
0.0369621
0.600789
6.79462
-0.205195
-0.511647
0.981747
-8.64728
-15.3308
0.98686
-0.917406
0.157651
0.406617
-0.775352
180.721
5.18455
-0.254353
-3.26817
0.627888
-3.04845
-1.71567
2.46963
1.85764
0.980665
-0.367441
2.83078
-1.88915
0.0686834
0.133652
-0.128351
6.4643
-4.93051
1.54404
0.812632
-1.13516
-3.64921
1.02298
2.38709
-0.950661
2.52424
0.018404
-1.01096
-0.094901
-0.459589
3.08006
0.187597
0.655861
0.228923
0.678797
-1.47728
2.6051
0.286328
-0.157119
1.22495
1.17111
0.518325
-2.1285
2.93751
-11.4958
-1.63096
-1.61417
-0.393895
-2.76201
0.131586
0.508767
-8.37795
1.50793
-0.441589
-0.497921
-1.82843
0.82536
8.82249
1.68712
-10.4199
1.75817
0.112404
1.04649
-0.436297
0.292969
0.227327
1.03281
-2.25677
-2.95763
-1.01371
0.902756
0.323692
-0.361016
1.44009
-6.07105
-0.360217
0.43163
0.433396
0.140377
-0.491275
-50.9432
1.64743
-1.24055
-1.24458
-0.936644
0.805844
-0.466272
-4.79076
-0.990299
-1.15655
-0.803327
0.339011
-0.771234
3.20419
2.95721
-1.13376
0.0682899
0.0661663
-0.0428314
1.41212
-0.123118
0.182777
-0.653837
-0.256302
-0.402868
-0.924298
-0.725585
-1.83678
0.920276
-32.3287
1.32026
-0.169943
1.2303
0.0290519
1.56653
-0.514198
0.294002
-0.195821
1.00901
0.635789
-3.26073
-2.04376
1.73743
1.43964
-1.02335
-0.0802209
0.946345
0.00525862
-0.00425601
-0.173655
1.84446
-0.149233
2.33286
7.50008
-1.40435
-0.777085
0.746851
0.371484
-0.497665
-1.74308
-5.24938
-2.49077
0.965115
-0.40426
0.625535
0.9462
-3.63656
3.33439
-0.869751
0.552691
1.54168
-3.14902
-4.4639
-2.49471
0.0302793
0.0867528
0.642227
-0.0788979
-0.438726
0.252042
-0.196791
-0.934794
-1.81282
-1.01317
0.304125
-0.202858
0.306388
-0.0851752
-1.72184
-0.612629
11.2968
-0.196515
-0.948749
0.516539
2.48042
0.420584
-0.257364
-0.361379
0.540669
-1.65023
-6.91613
1.27345
0.72863
-0.714769
0.171604
-0.135991
-0.824855
-2.22727
7.33334
0.314078
0.0858477
0.685491
-1.10515
0.865029
3.34882
-0.532632
-0.430708
0.936745
-0.838155
-0.226506
3.64464
-5.02043
-1.05548
-2526.27
10.0544
0.717387
0.062256
2.61648
0.117905
2.35993
-0.553096
3.88981
0.176142
-1.43611
0.0689688
0.371764
6.05711
0.99137
0.212292
0.616367
0.589323
11.6133
0.366028
-1.45074
1.40325
4.29891
2.63687
-1.18908
-1.33507
-0.0030923
-1.78427
0.293645
-7.02225
-2.14065
-0.47022
0.264316
0.412362
-0.260971
0.006069
2.37413
-1.35309
0.142636
-0.280153
1.17033
-2.4784
0.805333
38.5287
-1.48945
0.905613
1.68733
-6.48091
-0.485316
-29.7421
0.147461
4.60705
-5.26624
-0.142217
0.0024435
-2.92578
0.876583
2.19443
-3.03993
1.06758
0.021916
-1.71226
-0.611746
1.91703
3.22946
-2.78748
-1.67312
0.140275
-1.39231
-0.904971
19.4037
0.736237
0.167037
-1.42595
-0.755699
-0.652268
0.0476643
-0.504891
0.0833863
2.01926
-3.37422
1.56535
192.375
-0.191995
-1.28981
-0.527421
1.54394
0.450141
1.61454
0.339973
0.441361
-1.49636
-4.14638
-1.2568
0.978394
8.85349
5.08017
0.836456
15.4345
-1.99363
-0.978626
0.341669
0.32944
0.645677
0.244568
0.163923
1.26307
-0.21587
-3.41524
-0.501157
-0.114942
1.49383
4.29822
2.48763
2.03943
-0.416025
0.229291
-0.122936
2.79743
-0.608149
0.74799
0.0136527
2.71725
-0.567985
-0.338553
-2.06075
-0.936473
-0.302612
0.913745
-2.80016
0.312178
-0.793983
0.00529771
1.68362
0.155967
0.0723883
3.31522
-0.969868
-2.68327
0.81281
-2.243
0.993232
0.814295
-23.6487
0.910116
17.9475
0.326995
3.16331
-1.4536
-6.86282
0.200959
0.874874
-0.393298
0.317312
1.04424
-0.122375
-2.35368
-0.96969
-0.4577
0.954869
-1.95248
-2.21902
-0.332726
0.503961
-0.847367
-2.46224
-1.74999
-0.0697563
-18.0618
0.167747
-5.41073
-5.78178
1.30494
4.64105
-0.599685
-0.196938
-0.574979
43.7325
-2.08077
0.46389
2.75891
2.37089
0.687156
-5.4772
-1.23214
-1.36974
-0.378261
0.793102
-1.5007
1.56891
10.8655
-0.422391
-3.25859
-0.612233
0.553429
-1.26252
-0.126652
0.967333
0.0936757
-0.238386
0.554505
-0.239631
-1.58543
0.62443
4.213
0.126662
-1.39225
-1.73744
22.6046
-0.172307
-5.62421
-1.93528
0.0786018
0.316493
-0.460231
0.0686803
-7.27102
-0.229868
1.16512
-6.72374
1.21368
-0.161672
-1.12037
0.498591
1.45361
6.64386
-0.120649
-4.36431
0.671212
-4.00348
-0.699649
5.90598
-1.40748
-0.0166463
-0.690318
-23.2567
1.03796
-0.0825293
-2.45818
0.00340132
-2.16373
0.0921904
3.45787
-0.739014
1.46531
0.679516
5.51294
-0.34824
-0.655079
0.495441
-0.478806
0.415381
0.188122
-0.200001
1.12177
-0.285552
-0.822241
2.18554
-1.88501
51.6543
0.671069
-0.795368
-0.383684
1.17031
0.330776
0.60833
0.933392
1.53371
0.0746775
0.416177
0.588712
1.16611
-0.773402
2.77268
-0.336796
-1.40563
42.1452
-0.397751
-0.299813
-0.491196
0.185001
0.346173
1.06311
-0.947791
-4.76085
-1.08115
1.29269
-5.2062
-0.160584
0.168553
-0.622817
13.2507
-0.404624
-6.80871
2.37513
-0.927201
-1.01722
-5.59579
-0.491722
-1.00319
3.52101
-0.169154
3.45401
1.77334
-5.89349
1.12027
2.80989
6.6288
-9.45513
0.0768339
-0.311961
10.9991
0.536578
-2.6979
0.987815
48.6168
-0.0555953
2.55847
0.282501
-22.7063
1.1023
-0.447521
1.32648
-3.84172
0.245796
-1.0998
-1.00916
-0.999785
2.04082
1.23245
1.49745
-0.096714
-0.270084
-73.087
0.0861923
3.21834
0.192302
0.161634
1.0608
0.386147
-0.255245
-0.268698
0.0462488
2.48196
-1.3198
-1.67449
-7.14385
-0.945441
-0.302122
-0.170868
13.1752
0.506331
0.343808
-2.54266
-1.59015
-2.54709
-0.689441
-4.17432
0.278924
1.99263
-0.405811
4.68894
4.54525
0.390392
1.10068
0.827571
1.66257
0.101327
-1.30305
1.10658
0.844861
-0.43443
0.666388
-0.0839216
3.0675
-1.65623
0.27132
9.325
3.25599
0.924244
2.88381
1.15473
-1.24421
-0.977912
12.5412
-0.697557
0.577357
0.0833174
1.07602
4.82924
-0.00372529
-0.519264
-1.42149
6.66681
-0.0443359
2.00736
0.0522398
0.416252
-0.935319
-1.37415
-0.181177
172.021
-0.279927
-0.479406
-0.0531979
1.9434
-2.04827
-12.1686
0.00480402
10.5336
0.910705
-8.37883
-0.355341
-4.06159
6.33335
-0.631288
-1.10319
0.250176
1.02711
-2.12159
0.579022
3.59103
-0.538152
-0.917693
-2.59986
1.97382
-0.582706
0.926365
-0.538186
-0.380744
0.559666
9.10717
0.0970139
1.85817
1.72439
0.0520482
-4.35293
0.312441
1.00312
-0.55093
-0.214012
-16.2008
0.99017
1.75526
-3.47294
-0.211525
80.9361
0.697027
0.189317
-0.720726
2.18816
-1.35497
0.899769
0.311569
-2.02388
3.24449
12.0494
-0.49512
-0.667885
2.05742
9.34538
22.392
-0.00875961
-0.725523
0.202179
0.262802
-0.0892998
-15.7065
-5.35896
0.0226854
-1.00283
-1.36529
-0.859381
-1.59694
-0.579404
-0.501026
0.457514
-1.23787
4.1689
0.0706461
-0.296105
0.975866
-4.15736
2.70248
-0.0770061
-0.472554
-6.10446
-0.329801
-1.80953
-3.23616
-1.42995
0.621158
1.65528
4.47258
11.5466
0.232683
-4.64185
2.78426
0.681645
-0.106912
2.5621
5.81992
6.40405
-2.24879
-0.930675
3.44104
-0.681654
-0.182106
-0.0994483
0.945986
3.99189
2.78029
-6.15657
-0.351478
-1.1008
-2.04405
12.6268
7.6111
-0.883021
0.227426
1.21063
0.996959
-0.0160525
0.58185
-0.444458
1.70628
14.119
0.81742
-0.631893
-6.64888
0.245665
-0.404876
1.06885
1.18143
-1.33414
1.21919
-0.533656
-0.78533
-0.569032
0.503065
-1.04643
-0.024683
1.51806
0.100429
0.608419
-3.17593
0.65802
0.368256
1.33126
1.24292
1.07951
0.539709
-1.51274
13.4941
-0.13692
0.415433
-1.40297
-3.4871
0.29261
-3.3821
-3.81277
-0.728937
1.02766
0.276544
-0.831985
0.240793
0.0458577
-3.56858
-0.527488
-1.34945
0.127907
0.474423
0.203221
0.887691
0.0285875
1.59537
-3.66017
1.06672
1.05563
2.47329
0.528689
0.39014
1.45738
-0.61613
-0.045473
-2.80209
-4.76307
-1.14149
0.17748
0.186387
-1.80078
2.28712
1.94701
-1.42087
-0.181949
1.48099
2.85138
-1.03554
-4.07016
-0.896817
-0.1327
0.688957
0.209603
0.00881604
4.12938
0.385293
-9.20033
-0.147574
9.92269
2.32742
-0.429956
-1.87844
2.24416
-1.20278
-0.828679
1.13901
7.21683
-0.199427
0.35228
1.77436
-0.149496
-1.042
-139.787
-0.9104
-0.25906
3.98022
-1.32201
0.724171
-2.96986
-1.32615
2.93387
-0.583241
-0.0470865
-15.8939
25.6514
-1.78491
-0.257011
-0.57945
-0.653058
-5.87521
0.702189
0.863282
1.31905
-0.623178
0.98442
0.0266619
1.34779
-3.73587
-1.01458
-1.27438
4.75628
0.433292
-0.317231
33.0857
1.07695
-0.179063
0.79103
-0.0504068
1.62185
0.175485
0.985265
0.419364
-0.186265
-0.829206
0.458262
-0.938979
2.82589
-0.0775466
-0.30364
-0.805882
-0.682748
0.492717
5.82441
1.70533
0.070387
-0.800188
3.2708
-15.7444
0.818204
-80.3197
2.23334
0.610161
1.2423
0.602993
-0.673326
1.04207
-0.326832
1.37256
-0.982977
-15.7309
-0.271917
-1.28242
6.31998
-2.6898
-2.37695
1.13558
-0.227063
2.23981
0.293361
0.589564
-2.67191
2.87189
-6.30963
-3.56893
-0.436223
-0.307136
1.45
-1.05243
-5.22539
-0.842847
-1.56821
-1.40283
-0.381134
1.32939
-4.0779
-5.12332
1.97845
-24.1176
9.15399
-0.417615
3.37425
1.29813
2.26003
-0.25385
-1.99352
-0.962288
-0.015824
1.88975
-4.50317
0.529316
1.09432
-3.27239
-222.768
16.8097
-0.573539
0.839323
1.07404
0.853894
-2.60863
1.61538
0.463759
-0.60325
-0.651319
3.81488
2.15166
1.39153
-0.299879
0.633352
-0.00852241
1.63249
0.989113
-0.764594
1.32155
-2.11016
-0.144273
0.140291
4.4999
-0.540053
-0.0390132
-1.40017
-0.18015
1.15182
0.863866
-1.40921
-1.65762
0.41305
-0.102125
0.440604
9.49638
2.68117
-0.42962
-0.306611
-1.6173
0.128418
2.20474
-1.98844
0.350692
-1.24384
-0.310831
0.705245
-0.765128
-0.11345
3.86999
0.904679
1.12803
3.82954
-2.90467
-8.74421
-0.736267
17.6788
3.02596
1.93979
0.868125
-1.76779
0.469678
-2.98402
-1.66388
10.241
-1.35854
-1.01838
-2.20997
307.148
-0.0754884
0.226269
-1.58787
0.282113
1.55488
0.618022
0.508625
0.341774
2.80009
14.1655
1.97026
3.69883
0.112595
-0.426544
1.02976
-14.6174
0.449859
0.287668
1.3937
-1.40678
3.11696
0.949803
-8.45123
-0.185817
-0.864089
-0.693572
0.0411117
-2.01801
-0.425162
-0.194913
0.0686051
0.845945
2.362
1.48738
0.76859
-2.99516
-1.19092
-0.835526
-0.476927
-0.531831
-0.233964
-0.309903
1.60925
0.169089
-6.59771
0.545412
0.441899
2.13051
0.433954
4.12813
-0.341296
0.134232
-5.83881
-0.0149588
-0.291071
1.02749
0.303
-0.225018
16.2716
61.1711
2.48262
5.47367
0.189234
1.21773
-1.117
-0.0168698
0.19827
15.3236
-0.227173
0.280041
0.403936
3.83026
0.215893
-6.06759
3.65578
-0.293388
-1.36539
0.847567
-1.20949
2.38369
94.6127
0.925924
-0.580401
-0.608861
-0.277639
-1.31775
-0.377463
2.00815
4.86996
0.955563
0.0566662
-0.579881
0.672987
3.94764
-1.21778
-2.50688
20.1354
-0.115173
2.64402
1.29615
-0.0310426
207.28
-2.35482
-2.31444
-11.1857
-16.8353
0.305502
-0.704416
-0.449923
0.290975
3.31407
-1.44533
-1.18352
-0.344284
-1.98058
-0.14287
0.221866
-2.42291
-0.0531176
-0.0231735
9.01927
-0.984218
1.51185
1.475
0.115605
-0.296199
-0.0623498
-0.816448
0.980743
-0.245971
-47.5212
0.20446
0.802496
-0.100163
-0.443505
-0.246682
0.00975751
-0.383356
-13.8753
1.12842
0.157186
-8.46874
-0.291099
-4.0855
0.606651
-0.246751
-0.820636
-1.00143
0.455473
2.90986
-0.262784
4.99896
2.5581
0.49179
0.558857
-0.38583
9.48584
1.97268
0.402931
-0.32345
0.731228
0.956762
1.09173
-0.0963126
0.28374
1.47786
0.86379
-0.927383
-4.11627
-1.30967
-0.213858
5.76445
-1.11731
1.79532
0.17716
-1.56421
1.55356
0.198602
-2.46721
-0.611316
2.21546
14.3317
-0.512277
-152.884
0.721567
0.220408
-3.90939
-0.0350177
-2.71862
-1.64515
4.03097
-1.92671
0.0959072
-3.21291
-0.744945
-0.693796
-4.02746
8.06852
0.722586
-0.227672
-0.578252
0.0602233
-4.81385
-0.385607
-0.0898508
-0.0862811
1.15362
0.340142
-11.9626
7.44757
-2.77831
0.38514
-0.817343
-2.21826
-0.135987
-5.59506
-2.51401
-0.353079
-1.74664
0.861487
-1.36474
2.70673
-0.44219
-1.07383
-0.284377
2.62295
1.3502
7.33594
2.93177
-2.67541
-7.6241
-0.594195
0.885132
-0.152982
-17.7115
-0.253351
-0.60481
-0.833643
12.0203
-0.398269
0.456962
-2.90943
-0.0907718
-0.729112
2.86303
-0.84966
0.671767
0.341399
-0.762198
2.57139
0.681122
0.24994
6.11908
0.886337
0.664076
-0.105332
-3.21294
0.577639
-0.833199
0.0245841
0.037846
-1.82506
0.064082
-2.45003
-0.628521
1.6975
0.40478
1.30104
0.745866
0.630341
-0.0666424
0.629963
-2.01617
4.92697
0.845989
-1.39801
-1.3957
-1.64711
-5.78539
-2.09926
0.0489495
-1.40178
-0.0812145
-4.36686
2.83602
0.118731
-0.882669
5.37247
-0.535248
1.89807
5.45676
-145.456
-0.279413
-63.6113
1.23386
0.175135
-2.64693
1.33058
0.653524
0.560208
4.93836
1.9873
-0.873931
0.0112139
1.20099
1.03787
2.27888
-0.562926
-0.217765
-1.47851
-2.13921
0.0448065
0.372985
1.36049
-0.880304
1.82598
-1.33811
-0.278265
0.338979
11.7129
0.575448
-0.104187
-0.406825
-0.851214
-2.23035
6.39781
-0.596923
-1.22009
3.52613
1.4278
0.265319
-0.474056
0.574409
-2.60583
-11.634
0.80922
1.91433
-0.124565
-1.39353
0.801894
7.34168
1.21381
-2.82232
0.917741
-1.48118
-2.50359
-0.669395
-0.361711
-4.83815
0.0827073
0.656806
-0.93719
-19.6252
-0.190317
-0.0624293
4.4728
-0.116041
0.50786
6.29589
-0.324558
22.2547
0.946576
0.332892
0.0924786
-0.626848
0.0902252
1.23994
-0.0107376
0.116111
-0.134342
-2.52567
0.939172
0.711907
0.0562392
-20.5168
-1.57699
-19.8285
-0.100271
0.211553
-1.09012
-0.150652
0.311682
-133.28
29.433
0.581582
-2.66507
3.30151
-2.7967
0.181862
0.665996
-0.450401
-0.76295
21.4446
0.361472
1.97003
-6.95338
0.0148608
1.81953
-11.0683
0.0395012
-5.03512
0.0648488
-0.41861
0.819477
0.368576
-0.522593
-1.83897
2.30657
-7.19188
-0.0422757
-0.268826
2.31237
-0.94908
0.301243
-0.25714
-1.30705
1.87589
0.188954
1.91674
0.823086
-0.127408
0.606306
-9.81392
-2.20156
-1.49456
-1.15186
-0.438461
-0.388832
2.96375
1.35525
1.11937
28.1961
0.457249
0.248729
-1.02397
0.463027
0.0373031
-1.32965
-1.14424
-0.418513
0.389692
-2.05707
1.52665
0.083659
-13.266
2.85059
0.116361
-0.402701
-0.733575
-1.96552
2.38844
0.624114
5.05203
-9.29186
0.528663
-1.32156
0.0333553
-6.02565
-0.783849
6.50197
-0.664475
2.43979
-1.67132
-0.433944
-0.342248
-0.033158
0.167758
-9.31013
-1.2324
-0.709103
-1.45899
-1.7726
0.0680604
1.14587
-1.09517
0.623935
0.625241
-2.46712
-0.393719
1.70753
1.79631
3.61412
-0.664333
2.9346
-1.50978
2.51975
-6.27746
15.2522
-0.587865
-2.50876
0.271711
-1.17478
6.67495
-0.364751
-0.490031
-0.470508
0.443732
-4.43439
0.519544
-1.12941
-1.42043
-0.103238
-10.9764
1.69381
-6.22981
8.13683
-12.3502
-0.854254
-0.0293872
-0.310924
0.298474
2.6764
-4.66418
0.912299
7.54567
0.805174
-0.613543
0.736738
10.8542
0.372388
25.1075
-0.163191
0.0245322
-0.58897
0.94975
-1.03231
-0.069613
-1.09183
0.779601
6.55615
0.207178
16.8369
-0.332615
0.84263
-1.20982
-119.675
-1.19888
-9.17032
11.0586
1.3785
-0.45624
-1.28243
-0.873995
-0.134866
0.344303
-0.109842
-1.68682
-0.606779
-0.246656
0.0510711
1.25997
0.0722272
-0.0908391
-2.10018
0.0417701
-1.59858
-5.38918
-0.122864
-23.8101
0.851332
-0.711949
0.932848
-0.112493
-1.51553
-5.87948
-0.6683
-46.3098
-0.999865
0.999992
-6.81794
0.270812
-0.429041
-0.156499
7.50863
-0.832205
1.23721
-45.9115
-0.893959
0.532237
4.44354
0.519546
1.20749
0.0136348
-0.100378
-0.177075
-0.356403
-2.97047
0.368406
0.921803
-0.596681
-1.24985
-0.791054
-0.167247
1.26151
-1.33097
0.381973
1.0637
3.35533
-3.22275
0.110203
-0.340135
-0.0899382
-0.630171
9.58159
0.0698388
-0.684139
-0.232973
-17.144
-2.10553
-5.12657
11.267
0.870129
-0.990555
-0.575878
-0.793988
-0.686618
2.31459
0.647917
-0.0225263
-0.732052
-3.1578
-1.66198
4.42247
1.19309
0.641507
2.10506
2.34929
-0.436293
0.219309
-2.08952
-3.72947
-0.598971
2.53136
-0.516525
-0.0249252
-1.3737
3.80654
-0.133361
5.28117
4.71491
68.8146
1.68898
-0.497604
-0.950564
1.08843
-0.215547
8.54126
0.15122
-20.0312
-0.758455
0.243273
1.27609
-1.26624
-0.27695
0.59113
4.24809
2.48503
-1.12803
-1.18917
-2.00845
0.698508
-4.28969
1.20901
-0.530257
0.300394
-12.7572
-9.75906
-11.8427
-0.298145
-0.412014
-0.759166
0.104494
-4.40906
1.40209
2.24297
-0.358291
-7.58055
-0.153587
1.52284
0.918209
0.566996
-0.587709
-1.17099
-0.892149
0.000679954
0.0842745
-0.0714301
87.8325
-2.15945
-2.35545
-4.55895
-0.803217
-0.172065
1.18117
-1.87927
-2.37238
-1.78015
-0.33753
-1.17896
-2.4154
-4.51027
-1.24637
-11.4415
-1.07504
0.32647
-0.260892
1.96751
0.886485
0.208043
-3.23001
-0.660131
0.148305
-0.340021
-2.8475
-3.71584
7.91268e-05
1.19559
1.33338
-6.25246
-8.80686
-3.70293
1.27601
-1.08393
-1.00062
-0.291318
0.75621
11.7242
0.917827
-1.24019
-3.62529
-0.229854
-0.401213
-2.8595
2.03068
0.423586
-0.0129351
0.881084
12.3345
1.30087
22.0073
0.609597
-1.66989
2.24089
-0.483073
-6.24947
0.444503
0.986396
-0.708367
-1.3874
0.1761
0.21164
1.32369
-1.98183
-0.837329
-7.4215
0.0778245
-1.39975
1.12599
0.939315
1.17168
-1.31589
-0.171859
-1.12808
-0.00960658
35.5191
-0.356026
1.25487
0.223995
0.826967
-0.680361
1.42989
-10.8728
0.465964
1.82739
-2.92415
0.707306
-1.10944
-0.517761
3.97521
-1.38898
-16.0098
-0.858474
6.53042
-2.93287
-0.0530824
-3.99399
2.50493
-0.0536884
-7.01132
-0.102491
-4.6273
-3.95151
-0.793373
-2.4417
-0.227835
-0.691267
2.91905
-1.01965
4.09525
0.20685
-2.91898
1.16959
2.6235
-0.247768
-1.7025
0.0386234
-0.311739
-1.2537
21.3313
1.82722
-0.996129
-0.540139
-0.583109
-1.08542
-4.11398
-1.39085
-1.12247
31.9963
1.04919
0.887663
0.617481
-3.092
-0.215048
-6.59845
-0.6879
-1.13213
0.32061
1.63055
17.2199
-1.95356
-0.111339
-1.84657
12.5402
-1.96607
-0.20304
0.583326
-0.176433
0.418643
2.92602
-2.0437
0.73062
-2.24789
1.45332
-7.39982
-1.16617
-1.30812
1.57505
-30.0953
0.0918914
-4.08915
2.03083
1.83007
-7.3988
0.24332
-1.43605
0.646171
1.98654
1.21677
-0.550894
-0.257238
-8.97885
-4.91805
-0.585302
-1.39024
1.59219
-2.71675
-1.71468
3.98678
12.5061
2.66191
3.79725
-1.70016
-0.09956
-0.126365
4.03481
0.433997
-0.465468
-88.3743
3.5818
7.73469
0.595804
2.59069
1.92737
-0.478428
-3.63168
0.819421
0.412496
-0.0367819
-0.325507
-2.7348
-0.514844
-1.89508
0.417246
1.84437
-6.86032
-0.150328
-0.293708
-0.586301
-2.48321
-0.897
-3.27365
0.440247
-0.535866
3.04538
-3.02167
4.5746
-0.330181
1.87498
-0.273459
-1.30878
-0.427055
0.0681685
-1.17158
-1.29529
-5.74241
-1.25527
-0.837108
0.0240374
-2.0404
1.70808
2.2251
-1.41062
2.07185
-0.982052
0.787517
-1.61714
-10.52
0.799346
3.10439
0.248511
0.430515
12.1884
0.495448
-0.333503
1.61478
-0.516002
-0.835523
-40.0377
0.253792
-0.753958
-0.987473
0.279853
4.01392
2.15714
20.2787
0.072909
-0.14472
-1.1083
-0.223841
0.111769
0.162924
9.51719
0.652518
3.86069
-0.782159
5.03443
1.19328
-0.200788
5.65211
5.86078
-6.47711
2.38543
3.39397
0.212811
0.521548
5.49905
-1.05978
-0.439121
0.858627
-0.653396
-2.78902
0.610284
-0.352394
-0.564867
-0.21327
50.7294
7.45434
-4.81603
-0.14344
0.377158
0.471553
-1.21423
-0.889533
0.604599
-1.52827
0.805613
0.169725
-2.03417
1.62647
0.465519
1.46367
0.406132
0.38396
-0.0349958
-0.419553
-2.51106
-0.597988
0.455032
-0.650384
-5.33663
-0.995487
2.1835
-15.2579
0.012941
1.09725
2.20905
0.16623
0.558189
-10.2538
1.43323
21.2326
1.9011
-0.774829
-3.31058
3.1493
-12.4375
-1.16622
-1.11185
218.115
-0.365229
0.162198
-0.87408
4.32645
-0.0740486
0.436808
-0.151649
-1.08083
6.29354
-10.3842
-3.25379
-0.196461
-0.518244
-1.67966
0.630485
-3.11052
0.43652
-0.0865713
-0.231618
0.409098
0.334853
-0.589995
0.108823
-2.53592
-0.445341
-1.42354
-1.14906
183.141
-1.18214
-8.47643
0.233459
7.61596
0.19721
-0.332949
-5.31594
0.318733
0.563117
-5.61128
0.614248
-1.1115
-0.925851
-0.335174
0.425435
-4.54386
-1.20742
0.756054
-3.09998
0.508921
1.70076
-0.923785
-0.0646282
11.7332
4.82694
3.25379
-0.76643
-0.216331
20.4136
-1.71911
8.21822
1.06409
0.0397556
-0.67287
2.31468
1.12203
0.592678
2.40511
2.77532
2.62458
0.353297
-2.93979
-4.99094
0.741383
-60.5503
-5.91518
0.187867
0.770254
2.95
-1.51981
0.738768
-0.937887
1.04038
-0.366028
0.365308
-0.721689
-0.484179
1.03875
-2.04976
1.22685
0.0826501
-0.69874
-0.625032
4.16067
-12.0944
-0.386856
0.944872
0.247903
-0.112283
2.30049
-6.95196
0.371919
3.2946
-0.69455
2.7093
0.979918
-2.64616
-0.275599
-0.547166
0.0573705
-2.82135
-0.203757
-0.619041
-6.00578
-73.8238
0.304772
0.374333
0.0206722
4.77582
2.53901
0.4561
-0.803029
0.0656163
0.461386
0.346898
0.39263
0.0690486
-0.369588
2.59153
-0.66236
0.0931747
-0.199087
13.5605
3.53317
-4.44748
-65.3451
-1.2948
0.7495
37.2013
0.190574
-0.414031
2.31478
14.3364
0.432819
14.3519
-1.99004
-0.861175
0.501896
0.745577
16.1811
2.38573
-0.557628
-0.655461
25.8471
0.246842
4.66994
-1.90112
0.171043
-4.74991
0.453551
0.72246
133.853
-8.68544
-1.02742
-1.67556
0.13037
-1.06874
-0.0639914
1.2078
2.3608
-0.0220052
-0.435412
0.312584
2.10958
-0.891729
0.0258048
-0.766415
11.4727
0.417758
1.78069
-0.754731
3.27452
7.75526
-3.35428
1.47688
2.32776
0.488297
0.327766
2.06677
2.35682
2.5512
1.26669
-0.949068
-22.0839
-1.04305
-1.60981
9.69079
-1.48223
5.50042
-2.45755
-2.41052
-0.490475
-4.12667
0.676259
0.347678
-0.643349
1.91001
-0.413214
1.54492
1.4565
3.52926
-0.673888
-0.990352
-2.26232
-5.72581
1.38975
0.319347
-0.118659
-0.660271
-0.784721
-0.497769
-0.835
-0.656193
-0.433096
-1.37671
-0.227695
-0.0528261
-0.597801
0.150753
-1.5867
0.501314
-0.174549
-0.667236
1.08565
9.40901
-0.018914
-0.438818
3.34167
1.22646
2.74401
3.21924
3.90192
1.20368
-0.525541
-0.468514
-2.56071
5.40842
-0.362924
-0.428487
1.05476
-0.073458
0.0158297
1.80257
-0.370144
-0.318408
5.78024
-0.620509
-0.746052
1.68375
0.0165833
0.151263
-0.0720134
-2.09628
0.360095
2.15376
0.863583
-0.0193839
-7.18722
1.16346
-1.60236
1.0161
-5.56863
3.87968
1.18803
-3.22329
12.9013
4.24585
-0.593757
1.29457
-0.385439
-0.518172
-0.36063
-0.737982
-0.920689
-0.28347
-50.5808
-0.42447
1.35948
-1.57027
0.381413
0.196889
-0.565262
1.04748
-5.14943
0.0668268
0.247253
-0.111916
-0.0794096
-1.01564
0.237188
-3.78717
-0.597369
-2.90464
0.747671
-0.745803
0.93182
-6.57942
-0.955879
3.43614
-3.50595
33.9771
-0.445231
-0.413697
2.91933
-0.328778
-0.152034
0.226718
-3.02051
1.79819
-0.767556
-0.0595474
0.659643
-0.508562
0.973719
-21.4429
3.73189
6.39525
0.496199
11.8159
0.401641
271.598
-1.97135
-0.360766
0.241327
1.99754
-0.558841
-2.67176
-0.503237
-0.141906
-1.19032
-189.171
-0.35154
0.53054
0.0899433
-5.79663
0.50748
-0.694809
-1.48027
-0.18195
-1.11731
-0.142456
0.372558
-0.0340145
-4.5931
0.310066
1.57294
-0.655171
-0.0649388
0.121883
-0.985123
-5.23073
0.0834218
-11.049
0.120478
0.54842
-0.693712
1.20393
-1.27978
0.411264
0.180346
-0.60712
-1.98268
-0.941001
-0.160035
0.783506
-3.42253
0.727649
38.3683
1.52718
-3.33948
3.06949
-0.838672
-0.188825
0.675455
-0.263514
3.27006
-0.894959
1.07454
0.147872
-4.59555
-10.4018
-1.17079
0.212946
-1.1182
1.67748
-0.0672312
0.124915
-1.31564
-2.70424
-0.285721
0.811494
1.17772
0.329835
0.794496
2.04106
1.0314
1.00766
0.758581
-2.46777
-0.363372
-1.02951
0.85663
0.879543
-0.426346
-1.72863
-0.413924
1.54585
-0.0086401
-0.95393
-3.35926
-0.713802
0.115135
0.0701954
-0.303435
-9846.24
12.3752
0.387127
-4.62773
3.20997
-3.45285
-1.05104
0.496978
-0.253897
-0.137476
-1.68738
-0.604543
1.2466
-0.215108
2.94011
2.52352
0.941024
4.85535
-2.57427
4.37925
-1.48434
0.2697
0.214532
-0.798468
1.11166
-0.457095
1.0146
-0.783602
-15.7097
-0.298926
-0.448367
3.64735
0.263081
-0.450386
-0.032776
0.495194
-0.537951
-0.322028
-0.459046
74.8819
6.67214
-1.93276
-3.72455
-1.19866
0.620268
0.486624
-2.55549
-0.817221
0.595325
-0.148194
-0.719906
-0.549968
-23.4724
-0.473577
-2.24278
1.88448
0.31144
-1.05924
-19.3121
0.0163309
-2.26556
0.959139
1.29959
-0.660468
-1.9445
-0.483829
0.195433
-6.82598
6.14553
0.521301
0.855731
-0.415488
-3.78785
16.5587
0.893108
-0.557436
15.4394
-0.86902
0.287082
-11.0233
-1.96173
0.487815
-1.23095
-0.132302
8.44723
2.60966
0.238463
-1.16147
-4.4058
-0.0796095
2.05874
-0.540497
-0.132675
7.28631
-0.157275
1.52662
0.0670462
-1.70927
0.304349
-0.754762
-2.47151
-1.31325
-5.00392
-0.205498
0.50365
-6.90454
0.154413
0.708762
-1.65829
-0.714429
0.238259
-0.170236
-51.7721
-0.690145
-3.25275
0.249971
1.86537
-0.981472
-1.31126
-0.761535
-1.1298
2.02506
51.9675
0.835501
-3.22121
0.253952
-0.176351
-0.986407
-0.927443
0.397094
2.64277
2.14366
0.533681
0.275327
79.1325
3.86682
0.142932
-0.420269
0.250021
1.25234
-128.296
-0.166575
-4.0097
-2.4377
-0.35922
1.57263
0.664881
-0.439955
1.42897
-0.87318
-0.849611
0.624422
-0.422831
0.0495196
-3.30001
7.51995
0.617933
-1.36781
-6.17984
-0.160201
3.10906
1.87444
0.363214
-0.652662
-0.621034
-3.86978
2.76987
-0.940171
-0.216912
-3.52056
0.0528408
1.73999
-2.89714
1.14843
0.223791
0.964531
1.68874
1.78112
-3.16563
-1.60515
-20.0843
-37.2662
-2.30921
36.3701
-1.04893
0.732435
0.135873
0.545981
0.470944
-0.271391
0.0621282
1.6778
1.26854
-0.949784
-0.239402
-0.713886
0.0940126
3.61238
-0.834704
0.505487
-0.0481799
0.596236
1.6876
-4.82158
0.907954
-0.76926
-0.053191
2.80518
0.993832
-1.19898
-0.748132
1.76396
-5.66944
-0.0423028
0.314389
-2.95794
-0.123063
1.48694
-0.744344
2.84731
-6.15302
3.41523
-0.323989
9.11409
-1.45895
-0.137975
-2.56345
-0.841693
0.316981
0.27789
24.2592
-7.2637
-0.654115
5.32855
2.57767
-2.93062
-0.0955081
-1.40021
1.99834
-15.3424
0.632102
1.25348
1.37267
-0.863327
0.103878
1.689
-5.85777
-28.5488
-0.432478
2.87521
-0.573455
0.334986
-0.441052
-0.0192581
0.831867
-0.378445
-1.75134
0.115801
-1.11061
-0.287685
2.1719
-0.00775985
0.180178
-4.89017
5.37957
-0.0888094
1.98436
-0.225155
0.606943
-2.40986
2.52102
-2.79825
-0.495089
0.729897
0.168436
1.73019
0.992206
-0.680936
1.43413
-8.73311
0.488148
0.367046
-1.16707
-0.236389
0.325921
0.274833
-1.15397
0.492787
88.46
0.225968
-1.09452
9.84445
-0.2331
-0.858693
-1.38065
-1.52657
-3.21539
1.00388
0.147606
2.002
5.40949
0.513869
-0.363216
1.7385
-0.000695581
-0.624849
0.524715
4.18407
0.678603
0.258127
1.86923
0.327299
-0.746114
1.59594
1.99674
181.761
1.04247
1.56839
-29.1482
-2.17774
0.354475
1.15441
-1.00061
-0.230209
-0.61764
-0.459939
-1.22922
-5.76021
-1.01906
-5.0651
-0.125951
3.11505
-25.1794
-0.541276
-0.222841
0.383589
2.87366
-7.7835
27.6885
3.49144
-5.40066
-0.59044
1.32343
1.4084
0.271432
-0.742412
-0.966775
0.587038
8.84398
1.55648
2.92093
2.0267
-0.748554
0.312091
-0.725261
-0.75888
0.31716
-3.44795
16.7051
-0.321756
1.2199
-1.28689
0.232901
3.26239
-0.188562
-1.17751
1.35579
6.17745
-2.22552
2.44602
5.69198
-0.000417011
2.44366
-0.627534
-1.22086
2.26182
0.78831
-2.45479
-1.79749
-0.0116148
-9.90148
-1.06146
-0.627603
-0.981408
-1.52345
-2.11033
2.16356
-1.38719
-1.70176
0.0961825
0.647052
0.253843
0.64801
0.709751
-0.513563
0.840719
-0.245371
-2.8631
-0.715646
-0.383108
-0.345536
53.7224
-1.10385
0.520971
-0.374734
-0.594053
-0.237757
0.400286
1.07035
1.4075
0.115897
-0.125064
-0.659874
-13.4142
-0.235386
2.34194
0.569164
-0.641432
-0.961321
0.678422
1.02536
2.41429
-1.63991
0.117906
-1.09783
-3.53953
-0.795198
4.8687
-1.5637
-1.90507
-0.423362
-2.93266
3.24283
3.29927
-7.29598
-0.050217
2.64029
-0.318034
-5.78373
-0.877755
-1.60517
1.96197
-1.8584
0.65854
1.45533
-0.976347
0.759213
-13.5277
0.190358
-0.53484
2.83048
2.46681
-0.167479
-0.192246
19.5115
25.2143
-0.0698726
2.41209
1.78598
1.67008
-0.715257
-0.727276
0.241803
4.23647
0.207698
-0.231079
-0.645289
0.82255
0.214029
0.891817
-0.851413
-3.77233
-29.4313
1.60105
-2.09176
-0.679476
-0.888555
-0.336967
0.10708
-4.27599
0.271844
-1.45486
-2.60977
2.66548
-1.36649
0.107604
1.43298
-1.06431
-8.77942
-18.9605
-1.1443
-0.00246795
-6.47259
-0.621983
0.268259
0.681201
0.405292
3.00014
1.61266
0.0367418
-0.739424
-2.30544
0.408723
0.919423
2.20837
-1.38484
-0.758422
2.68936
0.101313
1.2708
3.75943
-1.25328
0.545736
0.254
-0.154614
1.93115
0.411568
0.0133426
0.108052
-0.0699716
-1.83192
0.720966
0.0291595
-0.323944
-0.29122
-1.08017
1.36652
0.11475
0.0176589
-0.914497
6.27213
0.676473
-1.33967
-2.34325
0.792575
49.5267
-1.72506
-0.100624
-5.93527
1.12461
-0.452979
-1.32559
-6.01513
-2.91219
0.585946
-0.648302
4.4249
6.60438
-0.354782
-3.02836
0.192146
-0.642093
5.02273
-4.23023
-1.9231
-0.573547
-3.87207
-1.00548
0.123483
-8.85114
-1.07189
40.464
0.12477
2.01068
-0.603301
-0.453331
0.151804
1.36172
-0.022726
-0.489257
-0.250553
-4.06343
-0.77359
-5.38493
0.771215
-0.620903
0.277863
-3.40606
-0.167691
1.4267
0.327198
0.0887063
-1.16813
0.671728
0.622227
-0.381557
0.410598
-0.741421
-0.00976723
1.22448
-2.63912
5.38526
-2.68143
-0.00462042
-2.96862
2.68807
6.64479
0.953433
2.10472
3.98433
-0.167824
0.805517
0.896318
-9.52219
-0.203887
-2.72205
0.893384
-1.74491
0.249611
-0.317908
0.203023
-0.508379
-0.210322
-0.33487
-0.350555
-0.893877
2.31257
-0.766026
0.340242
-0.204501
-0.948046
-0.422156
0.121379
0.0750041
0.950599
-9.00201
-1.54776
-0.477967
1.9711
0.555904
0.596027
120.793
0.177127
0.413022
-0.00650165
0.141464
6.70754
6.78281
0.823961
-1.39735
9.29912
2.49773
-0.215493
-0.365055
0.0383199
3.48598
0.560678
0.104677
11.1254
0.955235
-0.488148
0.700665
0.901775
1.74534
2.81631
1.33883
1.75973
-0.844528
-0.913855
1.05578
0.58182
-1.33027
-1.08674
1.97525
-1.36746
1.54378
2.16236
-0.209688
1.22201
0.673697
-0.470984
0.519731
-1.10542
6.74399
-1.27381
1.09316
-1.14797
-0.918949
0.30536
-0.123237
-1.01038
0.121787
0.94115
-2.10209
-0.295255
-1.73153
0.155397
0.158303
-4.46267
0.649804
6.56849
-0.67042
-2.91547
-0.385111
-0.905633
6.01885
0.0636284
2.61805
-1.6967
0.397613
-0.405916
3.17573
-0.165197
-10.4029
15.052
-0.648376
-0.927649
-0.112559
-0.0916379
0.636823
-0.987533
-0.111032
-6.76846
0.482878
-0.981615
0.11649
0.604148
-0.315547
0.585779
2.00943
1.16616
-0.303366
-1.99269
8.38935
1.05316
-0.704132
-0.48139
0.285999
1.43325
0.634442
0.487184
-0.125684
8.02232
-1.14037
1.44512
-0.0450354
0.526691
-0.855447
-6.14679
-33.0894
-2.79233
0.322131
7.01064
-1.80968
-0.821638
1.14235
-0.282118
0.183788
0.106785
1.67772
2.06243
-1.655
2.13218
0.249744
1.33473
-0.92519
5.21937
1.78626
8.93037
-0.068365
-2.63326
9.71446
0.331413
-0.182047
-0.25244
3.25654
1.2324
0.157702
-0.636273
0.372115
-0.522922
-3.42447
-0.732762
-0.414535
0.000698372
-3.45354
0.861824
-45.9367
0.163602
1.15459
5.81212
-1.30954
0.912264
0.0156622
0.651395
-0.324797
0.251958
0.472316
1.57742
-1.35466
-0.371993
-3.9032
1.55748
5.92193
-4.99442
4.23174
-0.118628
-4.98209
0.95773
-1.26124
25.4988
-0.0695606
-0.366219
-0.410674
0.526099
-0.462297
0.171154
-1.13033
-0.477913
-1.361
-1.20022
10.1963
1.48382
-0.543965
2.14066
1.86056
1.64103
-1.21493
-18.4406
0.00107048
-2.5341
-0.789396
1.05255
-0.456834
-0.540955
2.43299
0.4072
-0.633079
0.343395
9.39809
-0.347801
-0.809156
1.7435
-3.78629
0.522135
0.0691151
-0.317628
0.955521
3.86559
0.491029
-9.77703
0.11074
-8.18374
-0.648034
-2.20398
0.523385
-0.530992
-2.2077
1.28175
3.47909
1.5146
-0.577906
-0.13699
2.98704
-0.00553224
0.298895
0.341246
-1.34995
4.28658
-15.8761
0.417046
2.2395
-0.547601
-0.0839568
4.63782
47.5638
-0.0749492
-3.4498
-6.51142
4.40728
-0.37249
0.86308
2.29009
0.454247
0.00767649
4.66261
74.4703
-2.47118
-2.63566
2.25916
2.33868
-6.20529
-1.55167
-1.84464
2.11591
1.24616
0.0308202
-3.11658
0.081517
-3.09863
-1.20419
-0.0948269
-2.1813
0.11109
0.107115
-0.621685
13.0366
-0.608936
-2.10071
-0.100793
-1.97111
-2.67758
-0.456499
1.21693
-234.097
-2.34162
13.9783
0.52275
0.259761
-0.534301
-0.46929
0.579842
-0.555897
1.00294
-4.5697
-0.573193
-0.956305
-0.403062
-1.51457
-1.93031
1.97736
-2.25511
7.21461
-0.107977
0.111618
-0.797386
-0.607539
-1.27338
0.244533
-0.243624
-1.00216
1.2483
2.29026
-1.22256
-2.36659
-2.64407
-12.7438
-3.24257
0.176837
4.5306
-0.195541
0.143549
0.470223
-0.336927
-1.21884
-2.64174
-0.492336
-1.49234
1.90962
-1.14807
0.0454142
3.80812
0.256759
-0.215895
0.554991
-1.74361
-1.2342
-0.38043
-0.84539
-0.892105
0.545035
0.346432
0.548226
-4.86287
0.149386
-0.029607
0.372881
-0.412473
-0.217245
-1.14502
0.0262223
1.37416
2.32699
-0.0820482
0.178037
-0.016957
-42.6712
0.444763
1.40486
0.27406
0.0833159
2.99265
0.72997
0.0658894
6135.96
0.225361
40.1375
0.122015
102.314
-4.59801
0.446666
-0.364058
-1.84398
-2.27066
-0.00281206
0.151968
6.02715
0.0409841
0.658811
-0.482708
2.25758
-1.34051
-1.00113
1.98293
0.764616
-0.697476
-0.11448
-0.944781
-1.13673
-0.350302
1.29783
-0.500947
0.325064
-4.23574
3.54489
-0.875117
-0.422658
-0.540153
2.40916
2.01438
-2.66426
9.61694
3.39178
-0.00791366
0.671742
2.14452
1.42307
-1.3647
2.83585
1.50914
-0.130903
-0.160029
-0.293424
-2.18007
0.452073
0.960072
2.19812
-0.488301
-1.04277
-2.03175
-2.02138
-0.921536
0.672865
-0.232515
-0.17779
0.49266
0.538882
2.30082
-3.47055
0.0257557
0.997004
4.81161
0.111053
-0.234113
2.95377
-0.726297
-1.90757
0.903885
-0.907701
0.2509
-0.254458
0.0574515
0.543914
-0.104741
-1.07877
-0.287458
-3.09558
1.52368
-0.79319
-3.68049
-5.92902
-5.05469
0.131202
-15.2915
-1.48771
-0.299227
0.408219
0.693462
0.367624
-0.0891914
0.756964
0.7173
4.80439
1.93932
-2.36586
-4.22295
-0.650061
0.292106
6.11669
-52.5328
1.00455
4.56542
-0.458103
0.398876
-1.40209
1.3686
-0.150754
-0.464865
-11.7936
7.19629
-0.247143
0.105083
-0.904971
-0.0304095
71.8485
-43.8983
-3.08495
0.636688
-0.0692219
0.537577
1.13359
-5.15731
-0.44015
3.55647
1.03422
0.0417542
-1.86194
0.16591
-14.7135
-2.97045
2.87561
0.249431
0.692536
0.398387
1.53672
3.26566
-5.94413
0.353404
1.0149
-1.6813
-1.04891
-0.22517
-1.79702
-0.428068
-0.606103
-0.470715
1.00516
2.8608
-0.20251
0.280204
7.79506
-1.28006
-2.79566
-0.133577
7.03167
-1.25481
0.160759
-2.46253
0.224603
0.426974
-3.88824
1.799
-1.62702
0.795107
-0.345142
0.908674
2.11134
-0.570796
-0.532341
-0.0320223
-9.26108
0.397742
4.99622
0.167404
-0.844207
1.44131
-0.765556
-0.0350504
0.21881
-0.177365
-0.480951
-1.2147
-2.84892
1.23378
-1.97366
-0.0103152
-6.67303
1.03224
-2.56979
3.61804
0.17959
-0.013963
-0.850667
-2.73243
-0.764949
1.99215
-0.665606
0.552596
-17.9443
3.25487
6.29289
5.4532
32.1425
-0.128242
-1.71727
-0.867595
4.49935
7.10518
-2.56824
78.2411
0.751139
0.782227
-1.22976
-0.49005
-1.12278
-2.05499
-0.278392
-2.33754
-0.291774
-0.689731
0.147601
-1.64478
0.633715
-0.619066
-0.529509
0.22088
2.24439
0.792342
0.0745685
-0.475701
4.30603
2.29003
47.2964
0.383146
0.0575164
1.95337
-1.68893
0.420859
-57.4755
0.486552
16.8665
-6.22937
3.40909
0.256167
0.297158
-1.14545
0.818705
-0.224669
-6.1597
251.382
-0.151944
-5.0646
1.80844
-4.50003
0.971854
6.74037
-0.176908
-12.7306
-1.64565
13.9829
-4.52033
2.54539
0.80799
-0.720697
1.423
-0.570718
0.330341
4.78844
2.56558
-1.05919
-0.280356
6.2224
0.755285
0.699653
-0.982396
-1.11636
-0.990161
1.8526
-0.82306
1.86325
1.1018
-0.948956
4.26507
-4.29925
2.7963
-1.16081
-0.523609
7.04879
-0.339642
0.381502
1.41922
4.7816
-3.06212
-1.7744
-2.88349
23.7726
-2.52264
1.28107
0.161566
-0.0641082
-0.0999559
2.63496
0.557683
-0.909068
19.3445
-2.26238
0.660654
-4.32086
1.57265
2.22274
-11.1245
-29.8973
0.399692
0.415072
-0.174012
0.260012
1.86557
-0.294983
6.69671
-0.478934
1.50108
0.44413
1.95895
191.6
-1.70904
0.26952
0.98353
-0.619437
-0.430643
1.72683
-0.999918
-1.57032
2.26093
2.30854
2.07558
0.137922
-0.0439431
11.3786
1.45074
2.56876
-1.39652
-0.209255
0.139037
2.71694
-1.02868
0.121209
0.0242382
1.12749
-0.689501
-0.421145
-1.40066
-4.6061
0.750343
-4.5436
-0.599544
66.6634
-0.609598
0.558854
-5.01979
1.68529
1.91477
1.50292
-0.464008
-0.428163
0.378999
1.24381
-0.654713
-3.06118
3.04653
1.60654
0.285205
1.31198
0.19079
6.66244
-0.51001
0.816998
-0.199181
0.00327358
-0.232602
-9.72941
1.51457
-3.43538
-0.590236
-1.17325
1.00428
0.4992
1.49582
42.5044
0.751381
0.399262
-1.81353
-0.142749
-0.429816
-0.0473879
0.24031
-1.13292
0.95161
-1.00784
4.10989
0.285621
1.07229
-3.77784
1.76388
0.96576
0.897002
-1.16876
-1.08126
-0.486461
0.346662
9.94629
-0.163234
1.17036
0.912189
-11.6203
0.237068
-1.09677
0.59334
1.21316
0.134232
1.19874
-0.346099
-0.682363
-0.165208
5.1369
-1.26086
-0.0061939
-0.597043
-9.89439
-0.56507
1.94868
-10.0742
-0.359585
0.0243934
-2.15487
-0.353137
1.37948
-42.7525
-0.0899454
3.73195
-2.48557
4.64908
-0.671478
1.15902
0.564164
2.39149
3.31531
-0.783416
-9.31697
0.959511
2.39875
12.9186
-2.02101
0.409933
0.995008
-8.23867
-0.550557
-0.130639
5.04223
1.64457
-0.266536
4.02775
-1.22312
1.24995
0.464135
-3.29436
8.70516
-0.827386
-0.321472
0.884715
2.40453
-3.37642
0.380333
1.48676
-0.958114
-4.22128
0.233957
0.241104
5.78838
1.87071
0.628037
-4.90396
1.85872
-0.796739
-0.0226185
0.498615
-0.375008
-0.594582
-1.39227
7.42044
-2.90909
-0.525124
1.66459
-0.618652
-0.837143
-0.41223
-1.32909
-0.0469407
2.0953
0.574339
0.698428
1.29698
4.95218
-0.0317939
-1.46785
-3.79744
-1.14262
-14.6254
-0.502382
2.00637
0.201288
3.19754
-3.45273
7.77604
1.57739
3.11835
-18.5555
4.99006
-0.877833
-1.08228
-0.621335
-0.787561
-0.298029
0.910497
1.57484
-1.3839
0.362025
-2.51965
5.92084
-0.339099
0.11762
-0.126585
0.295018
-0.943028
6.45374e-06
-1.56047
13.7076
-3.0318
1.17999
0.228192
-0.603486
1.48076
-2.06805
-1.767
-0.353595
-0.581715
0.341758
-0.36456
-2.2244
-0.0304192
0.388802
-0.216306
-26.2653
-1.23636
-1.35264
0.222603
0.912982
-7.78393
-1.6311
26.4811
1.43705
-0.545262
0.626596
3.75195
-0.140544
-0.301621
0.74746
0.767811
1.21388
22.2539
-3.94961
0.648909
-0.876637
-882.921
-11.6511
-0.298028
-1.01119
1.52536
-3.10077
-11.0736
-0.269116
-2.16375
-2.34914
0.364437
-0.0276944
7.55575
-0.226638
0.672098
-6.66973
0.768602
-1.6005
-3.75771
-0.48606
-4.97978
-4.14382
-0.513365
0.123238
-1.86284
-8.43413
-0.865739
-2.85929
0.840436
-1.36132
-2.66722
-1.02641
-7.00811
-1.74824
-0.0345097
144.522
0.501852
0.402524
-3.23357
-0.227278
-1.28209
-0.102098
0.506768
-0.76431
-0.32375
-0.97586
-20.6646
-2.08912
0.290315
1.57523
-1.12045
-1.22445
13.6835
-0.380861
-2.25844
0.392551
0.0855652
-0.105275
-2.12657
-0.00606043
1.82173
2.01139
0.851033
5.85217
0.993299
18.4011
11.1435
-0.477501
0.713245
1.33963
-0.264627
0.587781
31.6434
-0.449836
-12.0869
-4.06575
-1.3882
-1.82734
-1.27984
0.312083
-0.43416
0.0748998
-1.49223
3.18589
-0.143395
5.62955
0.0593276
-0.889239
-0.913984
1.7267
4.31266
-1.61253
-1.39857
10.9382
-1.93766
-0.45401
0.19428
16.6898
1.73143
-1.01097
2.34717
-11.2552
1.3021
-0.214896
0.980392
-0.702829
0.764648
-0.0108843
-1.6741
-1.48966
-0.192659
0.902646
-3.16015
-0.330832
-0.698956
0.932654
-13.1142
2.51825
0.201056
-11.2198
0.83197
-2.80353
8.51774
-0.140605
-11.7067
-4.79323
-0.148358
-0.287339
-11.7348
-0.2786
-46.3715
2.51887
-0.0531751
-0.167466
0.152711
-0.535926
0.492925
2.18541
0.0711614
17.6683
-0.238382
-7.59348
0.114446
0.281735
-1.41989
0.311095
-1.0947
0.250964
-0.620847
1.81345
1.46562
-0.521548
-0.656937
-5.77395
-0.968829
0.852156
0.978637
1.2568
0.525138
2.64658
0.584437
-2.86036
-5.58475
-0.894909
-0.463401
-13.5319
-11.4689
-0.909045
-1.48702
-1.03931
-2.20797
-1.72857
1.60319
-8.69493
0.193228
4.23691
0.536516
1.68929
1.07221
1.69103
-3.11703
0.933224
-0.541175
10.3208
21.5284
-1.52238
3.44157
4.53153
-3.21599
-0.11336
1.65589
-0.844222
-3.35343
1.57397
58.2628
-0.377964
0.952297
-0.259596
0.377884
37.5298
-0.677465
0.613067
-0.291085
-0.771006
7.15975
1.00124
-0.830734
-0.560324
-0.537687
0.975096
-1.9108
1.25467
9.81505
-2.48376
0.297092
0.426218
-0.796703
0.313084
