1  20.1917
2  23.3458
3  13.2465
4  18.9861
5  13.491
6  11.9653
7  9.33291
8  15.0456
9  11.456
10  13.4408
11  13.8882
12  10.6034
13  10.601
14  12.7029
15  12.3425
16  8.71947
17  9.55999
18  5.27825
19  6.30138
20  6.32575
21  5.15295
22  6.23116
23  6.30166
24  6.22779
25  6.15894
26  4.50818
27  3.81203
28  6.18564
29  5.35631
30  4.60753
31  5.96044
32  3.14874
33  3.39358
34  4.38986
35  5.37105
36  4.48091
37  3.60917
38  4.76537
39  4.18251
40  4.05011
41  3.42067
42  4.2999
43  2.82607
44  4.50344
45  3.63969
46  2.70924
47  3.68417
48  4.50893
49  3.6974
50  3.79311
51  3.44984
52  3.44987
53  4.81548
54  5.07285
55  2.86626
56  2.82912
57  4.03202
58  3.5665
59  3.07984
60  4.58667
61  3.34662
62  3.61451
63  4.63579
64  3.28312
65  3.47398
66  2.83488
67  3.46855
68  3.30928
69  3.00178
70  3.22877
71  2.85989
72  2.65757
73  3.58733
74  2.83035
75  2.93664
76  2.38933
77  2.36657
78  3.02708
79  3.48592
80  2.99903
81  2.44872
82  2.6177
83  3.00114
84  2.67829
85  2.70668
86  3.11625
87  3.03557
88  3.09318
89  2.84367
90  2.76519
91  2.93467
92  2.65459
93  2.69176
94  2.64455
95  3.25802
96  2.71825
97  2.39812
98  2.82769
99  2.80293
100  2.95964
101  3.15162
102  2.87619
103  2.25759
104  2.44495
105  2.72356
106  2.54486
107  2.43126
108  2.47811
109  2.68729
110  3.00367
111  2.70263
112  2.382
113  2.43141
114  2.62359
115  2.96093
116  3.08979
117  2.97708
118  3.27026
119  3.01302
120  2.66454
121  2.68335
122  2.41082
123  2.49183
124  2.89492
125  2.60112
126  2.41289
127  2.34733
128  2.3336
129  2.81122
130  2.49034
131  2.41525
132  2.65033
133  2.32096
134  2.44285
135  2.52315
136  2.2798
137  2.73927
138  2.32511
139  2.44214
140  2.6644
141  2.35286
142  2.50726
143  2.49967
144  2.43582
145  2.32678
146  2.26307
147  2.27966
148  2.43984
149  2.58068
150  2.34706
151  2.52954
152  2.52344
153  2.4938
154  2.5105
155  2.40494
156  2.44132
157  2.38329
158  2.64215
159  2.45196
160  2.62221
161  2.52969
162  2.54081
163  2.48069
164  2.49908
165  2.37634
166  2.49455
167  2.32319
168  2.44336
169  2.40946
170  2.25759
171  2.43866
172  2.28489
173  2.62636
174  2.69492
175  2.76841
176  2.64821
177  2.62372
178  2.68846
179  2.3302
180  2.30765
181  2.42525
182  2.6213
183  2.45853
184  2.4815
185  2.53628
186  2.25759
187  2.51524
188  2.44677
189  2.25251
190  2.38158
191  2.53761
192  2.63668
193  2.48489
194  2.2923
195  2.325
196  2.35324
197  2.29916
198  2.32289
199  2.25251
200  2.29886
201  2.34793
202  2.25223
203  2.40792
204  2.50228
205  2.31564
206  2.26534
207  2.33647
208  2.37691
209  2.5014
210  2.63912
211  2.58549
212  2.36902
213  2.52273
214  2.55062
215  2.32855
216  2.25593
217  2.28848
218  2.29501
219  2.36717
220  2.34748
221  2.34976
222  2.37256
223  2.29026
224  2.30287
225  2.35302
226  2.4078
227  2.40794
228  2.41863
229  2.31866
230  2.2834
231  2.31096
232  2.42451
233  2.44431
234  2.34553
235  2.37882
236  2.53199
237  2.27682
238  2.30646
239  2.32991
240  2.45321
241  2.38933
242  2.3165
243  2.37243
244  2.40777
245  2.27676
246  2.38354
247  2.61496
248  2.55385
249  2.62109
250  2.30795
251  2.27413
252  2.27499
253  2.30021
254  2.37795
255  2.35692
256  2.41887
257  2.40249
258  2.27173
259  2.27128
260  2.25223
261  2.34047
262  2.25759
263  2.28848
264  2.37108
265  2.37511
266  2.36104
267  2.36104
268  2.298
269  2.26711
270  2.29368
271  2.33452
272  2.37876
273  2.40958
274  2.37634
275  2.26711
276  2.57023
277  2.30646
278  2.48913
279  2.24892
280  2.36023
281  2.29191
282  2.3903
283  2.32192
284  2.27306
285  2.31141
286  2.24714
287  2.28633
288  2.25428
289  2.41247
290  2.28652
291  2.27596
292  2.32111
293  2.24892
294  2.35018
295  2.47787
296  2.25251
297  2.28633
298  2.31558
299  2.2759
300  2.3348
301  2.32934
302  2.51819
303  2.39331
304  2.26711
305  2.33452
306  2.55836
307  2.26307
308  2.30765
309  2.38575
310  2.48983
311  2.34279
312  2.32633
313  2.3992
314  2.2759
315  2.33005
316  2.33851
317  2.28561
318  2.3314
319  2.31155
320  2.2735
321  2.26307
322  2.31232
323  2.24892
324  2.2613
325  2.26307
326  2.36165
327  2.29944
328  2.28052
329  2.2886
330  2.3105
331  2.30309
332  2.28652
333  2.33619
334  2.3077
335  2.3077
336  2.35612
337  2.26307
338  2.254
339  2.30558
340  2.25759
341  2.25223
342  2.27859
343  2.32467
344  2.33379
345  2.33254
346  2.30823
347  2.27966
348  2.30646
349  2.34316
350  2.36747
351  2.26711
352  2.27859
353  2.27859
354  2.27859
355  2.34553
356  2.34388
357  2.3749
358  2.3984
359  2.32094
360  2.24714
361  2.25251
362  2.35213
363  2.34002
364  2.32192
365  2.35941
366  2.40152
367  2.37876
368  2.35692
369  2.32918
370  2.27173
371  2.29679
372  2.32053
373  2.33249
374  2.33265
375  2.254
376  2.28143
377  2.2923
378  2.29916
379  2.27499
380  2.27682
381  2.2759
382  2.2759
383  2.2662
384  2.25251
385  2.31318
386  2.28312
387  2.27803
388  2.28517
389  2.27596
390  2.33265
391  2.27922
392  2.33469
393  2.27264
394  2.28475
395  2.29335
396  2.26102
397  2.27966
398  2.30176
399  2.25428
400  2.29142
401  2.42365
402  2.27676
403  2.28052
404  2.32524
405  2.30795
406  2.2662
407  2.254
408  2.24714
409  2.254
410  2.28561
411  2.25759
412  2.27682
413  2.28008
414  2.28008
415  2.35338
416  2.254
417  2.2722
418  2.24892
419  2.24714
420  2.25251
421  2.25251
422  2.26711
423  2.35971
424  2.34926
425  2.39372
426  2.26279
427  2.254
428  2.24892
429  2.28229
430  2.28229
431  2.30948
432  2.28456
433  2.27499
434  2.28738
435  2.27087
436  2.29886
437  2.27966
438  2.27682
439  2.26816
440  2.26816
441  2.25593
442  2.28312
443  2.28312
444  2.28489
445  2.254
446  2.29219
447  2.29219
448  2.29219
449  2.2613
450  2.27264
451  2.26307
452  2.27499
453  2.25593
454  2.25428
455  2.2735
456  2.27128
457  2.26102
458  2.25428
459  2.26534
460  2.28143
461  2.27173
462  2.29407
463  2.24892
464  2.26534
465  2.26102
466  2.28052
467  2.28052
468  2.24892
469  2.26102
470  2.3165
471  2.25251
472  2.27682
473  2.25759
474  2.28312
475  2.29679
476  2.3038
477  2.25251
478  2.29142
479  2.25937
480  2.26797
481  2.29679
482  2.2759
483  2.31188
484  2.30309
485  2.27803
486  2.27499
487  2.34224
488  2.31822
489  2.32438
490  2.32424
491  2.29905
492  2.30021
493  2.30021
494  2.31313
495  2.25428
496  2.25759
497  2.26816
498  2.29727
499  2.30765
500  2.31332
501  2.32603
502  2.35667
503  2.27306
504  2.25593
505  2.25223
506  2.28964
507  2.25251
508  2.26102
509  2.24714
510  2.33961
511  2.2735
512  2.25223
513  2.26534
514  2.27499
515  2.25593
516  2.2613
517  2.29026
518  2.25251
519  2.26102
520  2.29944
521  2.30453
522  2.24714
523  2.27042
524  2.254
525  2.27966
526  2.25223
527  2.27128
528  2.254
529  2.27128
530  2.27682
531  2.29944
532  2.2759
533  2.2759
534  2.29679
535  2.2735
536  2.2886
537  2.31096
538  2.29886
539  2.2613
540  2.2662
541  2.25428
542  2.25593
543  2.25593
544  2.26102
545  2.34869
546  2.24892
547  2.254
548  2.26534
549  2.25428
550  2.40701
551  2.25223
552  2.24714
553  2.27676
554  2.24892
555  2.33149
556  2.27803
557  2.25937
558  2.28652
559  2.27596
560  2.26307
561  2.26639
562  2.254
563  2.27306
564  2.25428
565  2.27042
566  2.29622
567  2.27966
568  2.28475
569  2.24892
570  2.25223
571  2.26307
572  2.27676
573  2.2662
574  2.26307
575  2.25771
576  2.32976
577  2.33493
578  2.27596
579  2.31558
580  2.29944
581  2.25428
582  2.2722
583  2.29026
584  2.29886
585  2.27264
586  2.24892
587  2.27413
588  2.28052
589  2.31274
590  2.29191
591  2.26279
592  2.28008
593  2.2613
594  2.2759
595  2.25771
596  2.28099
597  2.28652
598  2.27087
599  2.3274
600  2.27264
601  2.26279
602  2.24892
603  2.27773
604  2.26279
605  2.30109
606  2.26639
607  2.25223
608  2.25251
609  2.32745
610  2.28143
611  2.25428
612  2.27128
613  2.24714
614  2.3077
615  2.30262
616  2.29886
617  2.26639
618  2.24714
619  2.25771
620  2.24714
621  2.24892
622  2.27413
623  2.26639
624  2.29767
625  2.24714
626  2.24892
627  2.25593
628  2.29622
629  2.29886
630  2.25428
631  2.29396
632  2.30679
633  2.26816
634  2.25593
635  2.26534
636  2.29844
637  2.28633
638  2.24714
639  2.24714
640  2.25428
641  2.26279
642  2.25223
643  2.26102
644  2.24714
645  2.25593
646  2.26307
647  2.26102
648  2.27042
649  2.2722
650  2.24714
651  2.24714
652  2.24714
653  2.25759
654  2.25428
655  2.25223
656  2.27087
657  2.28143
658  2.28652
659  2.25428
660  2.2735
661  2.26279
662  2.2613
663  2.26639
664  2.28682
665  2.24892
666  2.26307
667  2.31055
668  2.31055
669  2.30131
670  2.35286
671  2.32855
672  2.29767
673  2.2923
674  2.28052
675  2.28992
676  2.26307
677  2.26711
678  2.27773
679  2.27264
680  2.24892
681  2.28517
682  2.24892
683  2.254
684  2.24892
685  2.25771
686  2.28312
687  2.26307
688  2.2613
689  2.25251
690  2.27087
691  2.24714
692  2.24714
693  2.26307
694  2.27676
695  2.30588
696  2.31096
697  2.25251
698  2.27042
699  2.254
700  2.25223
701  2.24892
702  2.2662
703  2.25937
704  2.28517
705  2.30439
706  2.27676
707  2.2662
708  2.27803
709  2.24892
710  2.24714
711  2.25251
712  2.25223
713  2.27682
714  2.27966
715  2.25223
716  2.25428
717  2.25937
718  2.25593
719  2.28099
720  2.254
721  2.2735
722  2.25428
723  2.28561
724  2.27042
725  2.27306
726  2.25593
727  2.26307
728  2.25937
729  2.24892
730  2.29026
731  2.29905
732  2.2798
733  2.30679
734  2.26534
735  2.31232
736  2.3396
737  2.26307
738  2.27773
739  2.25759
740  2.2613
741  2.26102
742  2.27499
743  2.25937
744  2.33004
745  2.28229
746  2.27042
747  2.28738
748  2.25428
749  2.254
750  2.27306
751  2.28185
752  2.27676
753  2.26102
754  2.25428
755  2.25251
756  2.27173
757  2.254
758  2.25223
759  2.29944
760  2.27859
761  2.25759
762  2.26534
763  2.29622
764  2.2798
765  2.26102
766  2.25223
767  2.28489
768  2.29026
769  2.32631
770  2.32094
771  2.29407
772  2.31564
773  2.29219
774  2.26307
775  2.29219
776  2.24892
777  2.24892
778  2.25251
779  2.254
780  2.25428
781  2.28229
782  2.24714
783  2.254
784  2.26797
785  2.2662
786  2.25251
787  2.25937
788  2.25937
789  2.2834
790  2.30862
791  2.26711
792  2.24892
793  2.26279
794  2.24892
795  2.25759
796  2.26797
797  2.25759
798  2.25937
799  2.24714
800  2.26102
801  2.25593
802  2.25771
803  2.27966
804  2.27596
805  2.27087
806  2.2759
807  2.24714
808  2.25223
809  2.27173
810  2.30765
811  2.254
812  2.25771
813  2.25771
814  2.25251
815  2.25223
816  2.26102
817  2.25428
818  2.25428
819  2.26534
820  2.24892
821  2.2662
822  2.25937
823  2.25937
824  2.25251
825  2.26639
826  2.25771
827  2.2613
828  2.25759
829  2.27596
830  2.26816
831  2.27773
832  2.254
833  2.27413
834  2.27922
835  2.26639
836  2.25251
837  2.25428
838  2.26816
839  2.25593
840  2.25593
841  2.25593
842  2.24714
843  2.24892
844  2.24714
845  2.26816
846  2.25223
847  2.25428
848  2.25593
849  2.25223
850  2.25759
851  2.27173
852  2.2613
853  2.25771
854  2.26102
855  2.254
856  2.29916
857  2.25428
858  2.25428
859  2.25428
860  2.2722
861  2.25428
862  2.25937
863  2.27773
864  2.30353
865  2.26711
866  2.25593
867  2.27264
868  2.28633
869  2.27128
870  2.24714
871  2.25771
872  2.26639
873  2.29368
874  2.27128
875  2.25223
876  2.24892
877  2.25771
878  2.25428
879  2.25759
880  2.27596
881  2.25937
882  2.25251
883  2.25251
884  2.2662
885  2.24892
886  2.254
887  2.25937
888  2.25759
889  2.24714
890  2.2662
891  2.30765
892  2.26711
893  2.25251
894  2.3038
895  2.27596
896  2.28143
897  2.28652
898  2.27413
899  2.27499
900  2.24714
901  2.29512
902  2.24714
903  2.24714
904  2.27413
905  2.27413
906  2.26639
907  2.24714
908  2.25223
909  2.26102
910  2.25223
911  2.24892
912  2.25251
913  2.26711
914  2.26279
915  2.30021
916  2.28652
917  2.2759
918  2.28143
919  2.24892
920  2.26307
921  2.27173
922  2.25223
923  2.25223
924  2.254
925  2.29886
926  2.2798
927  2.25937
928  2.25937
929  2.25937
930  2.26279
931  2.25759
932  2.25759
933  2.25251
934  2.25251
935  2.24892
936  2.25759
937  2.25251
938  2.25251
939  2.25223
940  2.27042
941  2.26639
942  2.24714
943  2.25593
944  2.254
945  2.26102
946  2.25223
947  2.26639
948  2.25759
949  2.26307
950  2.26307
951  2.25223
952  2.24714
953  2.27306
954  2.26797
955  2.24714
956  2.24892
957  2.254
958  2.25251
959  2.24892
960  2.24892
961  2.25223
962  2.27859
963  2.2735
964  2.27173
965  2.32094
966  2.24714
967  2.27306
968  2.26102
969  2.29368
970  2.29905
971  2.29396
972  2.29219
973  2.31318
974  2.25759
975  2.254
976  2.25223
977  2.25428
978  2.27306
979  2.28185
980  2.25593
981  2.25771
982  2.28312
983  2.28489
984  2.25593
985  2.25593
986  2.27966
987  2.26102
988  2.254
989  2.24892
990  2.24892
991  2.27128
992  2.25593
993  2.25759
994  2.25428
995  2.2613
996  2.25937
997  2.254
998  2.25223
999  2.24714
1000  2.27803
1001  2.26307
1002  2.25771
1003  2.25428
1004  2.24714
1005  2.26711
1006  2.24892
1007  2.24714
1008  2.26797
1009  2.28229
1010  2.29191
1011  2.24714
1012  2.25251
1013  2.254
1014  2.24714
1015  2.25771
1016  2.254
1017  2.24892
1018  2.29512
1019  2.2759
1020  2.2759
1021  2.25771
1022  2.24892
1023  2.25251
1024  2.25251
1025  2.25251
1026  2.25251
1027  2.25759
1028  2.28964
1029  2.28143
1030  2.26102
1031  2.26711
1032  2.24892
1033  2.2735
1034  2.26279
1035  2.24892
1036  2.24714
1037  2.27966
1038  2.2613
1039  2.24714
1040  2.25759
1041  2.33508
1042  2.30262
1043  2.27803
1044  2.25251
1045  2.25937
1046  2.25937
1047  2.27803
1048  2.2834
1049  2.28848
1050  2.25223
1051  2.2759
1052  2.26102
1053  2.254
1054  2.25759
1055  2.25759
1056  2.2613
1057  2.26102
1058  2.25428
1059  2.25251
1060  2.27264
1061  2.25937
1062  2.24892
1063  2.24892
1064  2.24892
1065  2.2722
1066  2.26279
1067  2.26307
1068  2.26816
1069  2.25223
1070  2.25428
1071  2.26816
1072  2.26797
1073  2.26639
1074  2.25593
1075  2.27264
1076  2.27087
1077  2.24714
1078  2.24892
1079  2.24714
1080  2.25771
1081  2.2613
1082  2.26102
1083  2.26307
1084  2.27128
1085  2.27264
1086  2.25251
1087  2.25251
1088  2.27173
1089  2.27173
1090  2.27596
1091  2.27128
1092  2.26279
1093  2.27128
1094  2.2735
1095  2.24714
1096  2.25771
1097  2.24714
1098  2.25251
1099  2.27966
1100  2.25771
1101  2.25759
1102  2.25251
1103  2.24714
1104  2.26307
1105  2.27413
1106  2.26534
1107  2.26816
1108  2.28143
1109  2.254
1110  2.24892
1111  2.29679
1112  2.27173
1113  2.25223
1114  2.26639
1115  2.25759
1116  2.25251
1117  2.24892
1118  2.26639
1119  2.26279
1120  2.25759
1121  2.27087
1122  2.27966
1123  2.25593
1124  2.25771
1125  2.26534
1126  2.24714
1127  2.24892
1128  2.25771
1129  2.254
1130  2.254
1131  2.24892
1132  2.24892
1133  2.26534
1134  2.26102
1135  2.26797
1136  2.25428
1137  2.2735
1138  2.27676
1139  2.26711
1140  2.25223
1141  2.25223
1142  2.26534
1143  2.26711
1144  2.254
1145  2.24892
1146  2.25937
1147  2.28738
1148  2.26797
1149  2.29708
1150  2.2662
1151  2.2662
1152  2.2735
1153  2.2735
1154  2.25223
1155  2.27676
1156  2.28052
1157  2.2613
1158  2.24892
1159  2.25251
1160  2.24892
1161  2.254
1162  2.2798
1163  2.254
1164  2.25771
1165  2.25593
1166  2.25251
1167  2.254
1168  2.25223
1169  2.26816
1170  2.254
1171  2.254
1172  2.24892
1173  2.24892
1174  2.254
1175  2.25759
1176  2.25223
1177  2.24714
1178  2.254
1179  2.24892
1180  2.25771
1181  2.24892
1182  2.26711
1183  2.26711
1184  2.24892
1185  2.26797
1186  2.26816
1187  2.25759
1188  2.25251
1189  2.25251
1190  2.2735
1191  2.2735
1192  2.25428
1193  2.25428
1194  2.26279
1195  2.25593
1196  2.24714
1197  2.25937
1198  2.27676
1199  2.25937
1200  2.254
1201  2.25593
1202  2.25251
1203  2.2613
1204  2.2613
1205  2.25251
1206  2.24892
1207  2.25251
1208  2.25251
1209  2.25759
1210  2.25759
1211  2.25759
1212  2.24892
1213  2.26711
1214  2.2613
1215  2.25593
1216  2.27042
1217  2.25223
1218  2.27042
1219  2.24714
1220  2.25593
1221  2.25428
1222  2.26307
1223  2.25937
1224  2.25251
1225  2.25593
1226  2.26639
1227  2.25251
1228  2.28143
1229  2.27264
1230  2.24714
1231  2.25428
1232  2.24892
1233  2.24892
1234  2.24892
1235  2.254
1236  2.25428
1237  2.24714
1238  2.25251
1239  2.25759
1240  2.25759
1241  2.254
1242  2.26711
1243  2.28312
1244  2.27682
1245  2.254
1246  2.25759
1247  2.27087
1248  2.24714
1249  2.25759
1250  2.25593
1251  2.24714
1252  2.24714
1253  2.25251
1254  2.27803
1255  2.24892
1256  2.24892
1257  2.25223
1258  2.254
1259  2.26711
1260  2.26279
1261  2.27682
1262  2.25223
1263  2.25428
1264  2.24892
1265  2.24714
1266  2.24714
1267  2.25428
1268  2.25251
1269  2.254
1270  2.25937
1271  2.24892
1272  2.24892
1273  2.25593
1274  2.27128
1275  2.2662
1276  2.2662
1277  2.25428
1278  2.25771
1279  2.2613
1280  2.25251
1281  2.24714
1282  2.2662
1283  2.25251
1284  2.25251
1285  2.24892
1286  2.25251
1287  2.24892
1288  2.25223
1289  2.24714
1290  2.25251
1291  2.25593
1292  2.2613
1293  2.26307
1294  2.26307
1295  2.254
1296  2.24892
1297  2.2613
1298  2.25251
1299  2.2613
1300  2.28682
1301  2.27803
1302  2.31055
1303  2.2886
1304  2.27803
1305  2.28517
1306  2.24892
1307  2.24714
1308  2.25223
1309  2.254
1310  2.254
1311  2.254
1312  2.24714
1313  2.25771
1314  2.24714
1315  2.24714
1316  2.25251
1317  2.27306
1318  2.25771
1319  2.24892
1320  2.24892
1321  2.254
1322  2.26279
1323  2.24892
1324  2.25251
1325  2.26307
1326  2.27499
1327  2.2613
1328  2.25593
1329  2.254
1330  2.25223
1331  2.25593
1332  2.24714
1333  2.24892
1334  2.24714
1335  2.28517
1336  2.24892
1337  2.27499
1338  2.2735
1339  2.24714
1340  2.24892
1341  2.25937
1342  2.25937
1343  2.25937
1344  2.254
1345  2.24892
1346  2.25223
1347  2.24892
1348  2.25251
1349  2.2722
1350  2.25251
1351  2.25593
1352  2.24714
1353  2.24892
1354  2.2662
1355  2.25937
1356  2.25937
1357  2.26307
1358  2.25593
1359  2.24892
1360  2.25937
1361  2.26279
1362  2.26307
1363  2.25593
1364  2.24892
1365  2.254
1366  2.24714
1367  2.25937
1368  2.254
1369  2.2662
1370  2.28185
1371  2.24892
1372  2.24714
1373  2.24714
1374  2.25937
1375  2.25223
1376  2.25771
1377  2.26279
1378  2.25937
1379  2.25251
1380  2.25251
1381  2.25937
1382  2.28052
1383  2.25428
1384  2.26307
1385  2.25251
1386  2.27803
1387  2.25251
1388  2.25251
1389  2.24714
1390  2.24892
1391  2.24892
1392  2.24892
1393  2.24714
1394  2.24714
1395  2.25428
1396  2.25759
1397  2.25937
1398  2.25771
1399  2.24892
1400  2.25937
1401  2.254
1402  2.24892
1403  2.25593
1404  2.24892
1405  2.26711
1406  2.26279
1407  2.24714
1408  2.24714
1409  2.25223
1410  2.25937
1411  2.24714
1412  2.25223
1413  2.25593
1414  2.25251
1415  2.254
1416  2.254
1417  2.26102
1418  2.24714
1419  2.25759
1420  2.25251
1421  2.25223
1422  2.25759
1423  2.25428
1424  2.25251
1425  2.25428
1426  2.24714
1427  2.25428
1428  2.24714
1429  2.25428
1430  2.24892
1431  2.24892
1432  2.25771
1433  2.254
1434  2.254
1435  2.25223
1436  2.2613
1437  2.25223
1438  2.25223
1439  2.24714
1440  2.25593
1441  2.25251
1442  2.24892
1443  2.25759
1444  2.2613
1445  2.2613
1446  2.26639
1447  2.25428
1448  2.24714
1449  2.24892
1450  2.26534
1451  2.25251
1452  2.24714
1453  2.25223
1454  2.26102
1455  2.254
1456  2.254
1457  2.24892
1458  2.24714
1459  2.25593
1460  2.2662
1461  2.24892
1462  2.24892
1463  2.24714
1464  2.25937
1465  2.24892
1466  2.24714
1467  2.24892
1468  2.24714
1469  2.24714
1470  2.24892
1471  2.25251
1472  2.25937
1473  2.24714
1474  2.25937
1475  2.27264
1476  2.25593
1477  2.24892
1478  2.24892
1479  2.24892
1480  2.24714
1481  2.24714
1482  2.26102
1483  2.25937
1484  2.25759
1485  2.25759
1486  2.254
1487  2.25223
1488  2.26279
1489  2.26307
1490  2.254
1491  2.26279
1492  2.24714
1493  2.25759
1494  2.25428
1495  2.25759
1496  2.25759
1497  2.24714
1498  2.25759
1499  2.24714
1500  2.25593
1501  2.24714
1502  2.25593
1503  2.24892
1504  2.25428
1505  2.25771
1506  2.27499
1507  2.2662
1508  2.27128
1509  2.254
1510  2.24714
1511  2.25759
1512  2.25771
1513  2.26307
1514  2.24892
1515  2.24714
1516  2.25223
1517  2.26797
1518  2.25937
1519  2.24714
1520  2.24714
1521  2.26534
1522  2.25428
1523  2.25428
1524  2.25251
1525  2.24714
1526  2.25251
1527  2.24714
1528  2.24892
1529  2.24892
1530  2.24714
1531  2.24714
1532  2.25428
1533  2.25593
1534  2.26797
1535  2.27087
1536  2.25223
1537  2.25759
1538  2.26102
1539  2.25251
1540  2.24714
1541  2.24714
1542  2.24892
1543  2.27413
1544  2.24714
1545  2.25251
1546  2.25593
1547  2.25771
1548  2.24892
1549  2.24892
1550  2.24892
1551  2.25593
1552  2.25223
1553  2.24714
1554  2.25593
1555  2.24714
1556  2.25593
1557  2.24714
1558  2.24892
1559  2.24892
1560  2.25251
1561  2.24714
1562  2.26102
1563  2.24714
1564  2.24714
1565  2.24714
1566  2.24714
1567  2.24714
1568  2.26102
1569  2.25223
1570  2.25223
1571  2.25223
1572  2.24714
1573  2.24714
1574  2.25771
1575  2.24714
1576  2.25593
1577  2.25251
1578  2.25771
1579  2.26279
1580  2.24892
1581  2.254
1582  2.25223
1583  2.24714
1584  2.24714
1585  2.2613
1586  2.24714
1587  2.24892
1588  2.25223
1589  2.25593
1590  2.24892
1591  2.26711
1592  2.24892
1593  2.25251
1594  2.24892
1595  2.24892
1596  2.24892
1597  2.25771
1598  2.254
1599  2.26307
1600  2.25251
1601  2.24714
1602  2.24714
1603  2.24714
1604  2.25937
1605  2.25937
1606  2.25937
1607  2.24714
1608  2.25593
1609  2.25223
1610  2.26279
1611  2.2613
1612  2.24892
1613  2.24714
1614  2.24892
1615  2.24892
1616  2.25759
1617  2.25759
1618  2.24714
1619  2.24892
1620  2.26534
1621  2.25223
1622  2.26102
1623  2.25251
1624  2.25593
1625  2.24714
1626  2.24714
1627  2.27499
1628  2.24714
1629  2.24714
1630  2.24714
1631  2.27042
1632  2.254
1633  2.25593
1634  2.25771
1635  2.24714
1636  2.24714
1637  2.24714
1638  2.26102
1639  2.26639
1640  2.25251
1641  2.25593
1642  2.24714
1643  2.254
1644  2.24714
1645  2.24714
1646  2.24892
1647  2.24714
1648  2.24892
1649  2.25593
1650  2.25771
1651  2.25771
1652  2.25593
1653  2.25771
1654  2.26534
1655  2.2759
1656  2.26534
1657  2.28456
1658  2.27306
1659  2.24892
1660  2.25593
1661  2.2613
1662  2.25223
1663  2.24714
1664  2.24714
1665  2.25223
1666  2.24714
1667  2.24714
1668  2.25428
1669  2.24714
1670  2.254
1671  2.25223
1672  2.26102
1673  2.26279
1674  2.26534
1675  2.26711
1676  2.254
1677  2.24714
1678  2.25223
1679  2.25223
1680  2.25223
1681  2.25223
1682  2.25428
1683  2.25937
1684  2.25759
1685  2.25251
1686  2.24892
1687  2.254
1688  2.24714
1689  2.24714
1690  2.24892
1691  2.24892
1692  2.24714
1693  2.24892
1694  2.24714
1695  2.25428
1696  2.25251
1697  2.26639
1698  2.25223
1699  2.24892
1700  2.24714
1701  2.25251
1702  2.24714
1703  2.25251
1704  2.25251
1705  2.25937
1706  2.25428
1707  2.24892
1708  2.26279
1709  2.24892
1710  2.24714
1711  2.24714
1712  2.25593
1713  2.25223
1714  2.24892
1715  2.254
1716  2.24714
1717  2.24714
1718  2.24892
1719  2.25937
1720  2.25759
1721  2.25771
1722  2.26102
1723  2.254
1724  2.254
1725  2.254
1726  2.26639
1727  2.25428
1728  2.25937
1729  2.25251
1730  2.24892
1731  2.24714
1732  2.24714
1733  2.25593
1734  2.25428
1735  2.25251
1736  2.24892
1737  2.24714
1738  2.2662
1739  2.25251
1740  2.24892
1741  2.25771
1742  2.2613
1743  2.24892
1744  2.25428
1745  2.24892
1746  2.27676
1747  2.28008
1748  2.25759
1749  2.27264
1750  2.25223
1751  2.24714
1752  2.24714
1753  2.24892
1754  2.2722
1755  2.24714
1756  2.24714
1757  2.24892
1758  2.25428
1759  2.24714
1760  2.25759
1761  2.24714
1762  2.25428
1763  2.25251
1764  2.25428
1765  2.24892
1766  2.25593
1767  2.25223
1768  2.25759
1769  2.24714
1770  2.24714
1771  2.26279
1772  2.25593
1773  2.24714
1774  2.24714
1775  2.24714
1776  2.24892
1777  2.24892
1778  2.25251
1779  2.24714
1780  2.25251
1781  2.24714
1782  2.24714
1783  2.24714
1784  2.27128
1785  2.24714
1786  2.24714
1787  2.25223
1788  2.2613
1789  2.2613
1790  2.26279
1791  2.25593
1792  2.25593
1793  2.25759
1794  2.254
1795  2.27128
1796  2.24892
1797  2.25223
1798  2.26279
1799  2.25593
1800  2.2613
1801  2.24714
1802  2.2759
1803  2.24892
1804  2.254
1805  2.25223
1806  2.25428
1807  2.24714
1808  2.25251
1809  2.26534
1810  2.25251
1811  2.24892
1812  2.24714
1813  2.25251
1814  2.24892
1815  2.24714
1816  2.24714
1817  2.24892
1818  2.25428
1819  2.24714
1820  2.24714
1821  2.24714
1822  2.254
1823  2.24892
1824  2.24892
1825  2.24714
1826  2.25759
1827  2.24714
1828  2.25223
1829  2.25251
1830  2.24714
1831  2.24714
1832  2.2662
1833  2.25593
1834  2.25223
1835  2.25251
1836  2.24892
1837  2.24714
1838  2.24892
1839  2.24892
1840  2.25771
1841  2.24892
1842  2.25771
1843  2.27413
1844  2.25593
1845  2.25251
1846  2.25428
1847  2.24714
1848  2.24714
1849  2.24892
1850  2.24892
1851  2.26639
1852  2.25251
1853  2.24714
1854  2.24714
1855  2.24892
1856  2.24892
1857  2.25428
1858  2.254
1859  2.24892
1860  2.24714
1861  2.254
1862  2.25937
1863  2.24892
1864  2.25771
1865  2.24892
1866  2.25251
1867  2.26711
1868  2.24714
1869  2.24892
1870  2.25223
1871  2.24892
1872  2.26534
1873  2.25937
1874  2.24714
1875  2.24714
1876  2.26102
1877  2.25223
1878  2.26711
1879  2.26534
1880  2.25251
1881  2.24714
1882  2.25223
1883  2.25223
1884  2.25251
1885  2.25223
1886  2.25223
1887  2.25223
1888  2.24892
1889  2.24892
1890  2.24714
1891  2.24892
1892  2.25771
1893  2.254
1894  2.25223
1895  2.24892
1896  2.24892
1897  2.24892
1898  2.24892
1899  2.24892
1900  2.25428
1901  2.24714
1902  2.24892
1903  2.25251
1904  2.24892
1905  2.24892
1906  2.25223
1907  2.24714
1908  2.24714
1909  2.25593
1910  2.24714
1911  2.24714
1912  2.24892
1913  2.24892
1914  2.24714
1915  2.25593
1916  2.26102
1917  2.24714
1918  2.24714
1919  2.25428
1920  2.25251
1921  2.25428
1922  2.25428
1923  2.25771
1924  2.25771
1925  2.26102
1926  2.26102
1927  2.25759
1928  2.25428
1929  2.24892
1930  2.25428
1931  2.24714
1932  2.25251
1933  2.24892
1934  2.24714
1935  2.24892
1936  2.24714
1937  2.25759
1938  2.24892
1939  2.25428
1940  2.25937
1941  2.24892
1942  2.24714
1943  2.26307
1944  2.25759
1945  2.25251
1946  2.25251
1947  2.24892
1948  2.24892
1949  2.25223
1950  2.24892
1951  2.25251
1952  2.25251
1953  2.25251
1954  2.24714
1955  2.24892
1956  2.25428
1957  2.26307
1958  2.25937
1959  2.25223
1960  2.25771
1961  2.24714
1962  2.24714
1963  2.24714
1964  2.24714
1965  2.24892
1966  2.24892
1967  2.25223
1968  2.25223
1969  2.26534
1970  2.24714
1971  2.25251
1972  2.24714
1973  2.25759
1974  2.24714
1975  2.27042
1976  2.24714
1977  2.25251
1978  2.25223
1979  2.25593
1980  2.26307
1981  2.24714
1982  2.25771
1983  2.26307
1984  2.24714
1985  2.24714
1986  2.24714
1987  2.24714
1988  2.26102
1989  2.25428
1990  2.24714
1991  2.25223
1992  2.26102
1993  2.25223
1994  2.26307
1995  2.25428
1996  2.24892
1997  2.25937
1998  2.24714
1999  2.24892
2000  2.24892
2001  2.25771
2002  2.26102
2003  2.25771
2004  2.24714
2005  2.24714
2006  2.25428
2007  2.24892
2008  2.24892
2009  2.24714
2010  2.24714
2011  2.25593
2012  2.24892
2013  2.25251
2014  2.24714
2015  2.26279
2016  2.25251
2017  2.25937
2018  2.24714
2019  2.25223
2020  2.26279
2021  2.25593
2022  2.25593
2023  2.25771
2024  2.24892
2025  2.24714
2026  2.24892
2027  2.24892
2028  2.24714
2029  2.25428
2030  2.26639
2031  2.25428
2032  2.24892
2033  2.25593
2034  2.25771
2035  2.25428
2036  2.25251
2037  2.25428
2038  2.24892
2039  2.24892
2040  2.25251
2041  2.25223
2042  2.24892
2043  2.254
2044  2.24714
2045  2.25251
2046  2.24892
2047  2.24714
2048  2.25759
2049  2.25771
2050  2.254
2051  2.25223
2052  2.24892
2053  2.25251
2054  2.24714
2055  2.24714
2056  2.24892
2057  2.25771
2058  2.25251
2059  2.24714
2060  2.25251
2061  2.24714
2062  2.24714
2063  2.25251
2064  2.25251
2065  2.25428
2066  2.25428
2067  2.2662
2068  2.27128
2069  2.24892
2070  2.254
2071  2.254
2072  2.24892
2073  2.25593
2074  2.24714
2075  2.24714
2076  2.24892
2077  2.254
2078  2.25937
2079  2.24892
2080  2.24714
2081  2.24714
2082  2.24714
2083  2.24714
2084  2.24892
2085  2.24892
2086  2.26102
2087  2.24892
2088  2.26279
2089  2.25759
2090  2.25759
2091  2.25251
2092  2.25251
2093  2.254
2094  2.25759
2095  2.254
2096  2.25937
2097  2.25251
2098  2.25223
2099  2.24714
2100  2.26102
2101  2.254
2102  2.24714
2103  2.24714
2104  2.25593
2105  2.26102
2106  2.24714
2107  2.24892
2108  2.25771
2109  2.26307
2110  2.25251
2111  2.25593
2112  2.24714
2113  2.25223
2114  2.254
2115  2.25223
2116  2.25223
2117  2.254
2118  2.254
2119  2.25223
2120  2.25223
2121  2.25223
2122  2.24714
2123  2.24892
2124  2.24892
2125  2.254
2126  2.25428
2127  2.25428
2128  2.25251
2129  2.25593
2130  2.254
2131  2.25223
2132  2.24714
2133  2.24892
2134  2.25428
2135  2.25251
2136  2.25937
2137  2.25223
2138  2.24714
2139  2.24892
2140  2.25251
2141  2.24892
2142  2.24714
2143  2.24892
2144  2.26279
2145  2.25223
2146  2.25251
2147  2.24892
2148  2.25223
2149  2.2613
2150  2.25428
2151  2.25251
2152  2.24892
2153  2.24714
2154  2.2662
2155  2.24892
2156  2.25593
2157  2.25593
2158  2.25759
2159  2.25937
2160  2.24892
2161  2.24714
2162  2.24714
2163  2.254
2164  2.25223
2165  2.25428
2166  2.24892
2167  2.25759
2168  2.24714
2169  2.24892
2170  2.26797
2171  2.24714
2172  2.24714
2173  2.25428
2174  2.26639
2175  2.25937
2176  2.254
2177  2.24892
2178  2.24714
2179  2.24892
2180  2.24892
2181  2.25428
2182  2.25251
2183  2.25428
2184  2.24714
2185  2.25593
2186  2.24714
2187  2.24714
2188  2.24714
2189  2.24892
2190  2.25251
2191  2.24714
2192  2.25593
2193  2.24714
2194  2.24714
2195  2.24714
2196  2.24714
2197  2.25759
2198  2.25223
2199  2.25251
2200  2.25223
2201  2.24892
2202  2.24714
2203  2.25251
2204  2.24714
2205  2.24892
2206  2.24892
2207  2.25771
2208  2.25593
2209  2.25593
2210  2.25593
2211  2.26307
2212  2.25251
2213  2.24892
2214  2.24714
2215  2.254
2216  2.24892
2217  2.24714
2218  2.25251
2219  2.25251
2220  2.24892
2221  2.25223
2222  2.25771
2223  2.24892
2224  2.24892
2225  2.24714
2226  2.24892
2227  2.24892
2228  2.24714
2229  2.25251
2230  2.24714
2231  2.25223
2232  2.25593
2233  2.25223
2234  2.24714
2235  2.24714
2236  2.24714
2237  2.24714
2238  2.24714
2239  2.24714
2240  2.24714
2241  2.24714
2242  2.24714
2243  2.24892
2244  2.25759
2245  2.25428
2246  2.24714
2247  2.25251
2248  2.25593
2249  2.25593
2250  2.24714
2251  2.25251
2252  2.24714
2253  2.25428
2254  2.27087
2255  2.25759
2256  2.24714
2257  2.25759
2258  2.25759
2259  2.25223
2260  2.24714
2261  2.25251
2262  2.25771
2263  2.25223
2264  2.24714
2265  2.24892
2266  2.24892
2267  2.24714
2268  2.254
2269  2.25937
2270  2.26307
2271  2.24714
2272  2.24714
2273  2.24714
2274  2.25593
2275  2.24892
2276  2.26279
2277  2.27682
2278  2.25223
2279  2.25251
2280  2.25428
2281  2.25223
2282  2.254
2283  2.25223
2284  2.26797
2285  2.24714
2286  2.25759
2287  2.24892
2288  2.25251
2289  2.24892
2290  2.25223
2291  2.25223
2292  2.25759
2293  2.25759
2294  2.26102
2295  2.25593
2296  2.25428
2297  2.25251
2298  2.24714
2299  2.24714
2300  2.24892
2301  2.25223
2302  2.25223
2303  2.25251
2304  2.24714
2305  2.25593
2306  2.24714
2307  2.25771
2308  2.24714
2309  2.24714
2310  2.24714
2311  2.24892
2312  2.24892
2313  2.25771
2314  2.26307
2315  2.24892
2316  2.24714
2317  2.24714
2318  2.24714
2319  2.24714
2320  2.25251
2321  2.25759
2322  2.25251
2323  2.25428
2324  2.25223
2325  2.24714
2326  2.25251
2327  2.25428
2328  2.24714
2329  2.25759
2330  2.26307
2331  2.24714
2332  2.254
2333  2.24892
2334  2.24714
2335  2.25428
2336  2.24892
2337  2.25251
2338  2.24714
2339  2.25223
2340  2.254
2341  2.24714
2342  2.24892
2343  2.25251
2344  2.24714
2345  2.24892
2346  2.24892
2347  2.24714
2348  2.25251
2349  2.24714
2350  2.24714
2351  2.24892
2352  2.2613
2353  2.26102
2354  2.24714
2355  2.24714
2356  2.25428
2357  2.25251
2358  2.24714
2359  2.24714
2360  2.25251
2361  2.24714
2362  2.24892
2363  2.24714
2364  2.25593
2365  2.25251
2366  2.25223
2367  2.24892
2368  2.24714
2369  2.24714
2370  2.24892
2371  2.24714
2372  2.25223
2373  2.24714
2374  2.2613
2375  2.2613
2376  2.25593
2377  2.24714
2378  2.24714
2379  2.24892
2380  2.25223
2381  2.24714
2382  2.25593
2383  2.24714
2384  2.24714
2385  2.24892
2386  2.24892
2387  2.24714
2388  2.24892
2389  2.25937
2390  2.254
2391  2.26279
2392  2.25223
2393  2.24714
2394  2.25223
2395  2.25223
2396  2.26279
2397  2.25593
2398  2.25593
2399  2.25593
2400  2.25593
2401  2.25593
2402  2.24714
2403  2.24714
2404  2.24892
2405  2.24892
2406  2.26279
2407  2.25223
2408  2.25223
2409  2.24714
2410  2.26102
2411  2.24714
2412  2.24714
2413  2.25223
2414  2.27264
2415  2.24714
2416  2.25223
2417  2.254
2418  2.24892
2419  2.25251
2420  2.25251
2421  2.24714
2422  2.25771
2423  2.25223
2424  2.25223
2425  2.25937
2426  2.25251
2427  2.25759
2428  2.24714
2429  2.24714
2430  2.24892
2431  2.24714
2432  2.24714
2433  2.24714
2434  2.24714
2435  2.24892
2436  2.25428
2437  2.24892
2438  2.25223
2439  2.25251
2440  2.26534
2441  2.24714
2442  2.24714
2443  2.254
2444  2.24892
2445  2.25223
2446  2.25223
2447  2.25223
2448  2.254
2449  2.254
2450  2.25759
2451  2.24892
2452  2.24892
2453  2.24714
2454  2.24892
2455  2.24714
2456  2.24892
2457  2.24714
2458  2.24714
2459  2.26534
2460  2.24714
2461  2.25223
2462  2.25223
2463  2.24892
2464  2.24714
2465  2.24714
2466  2.24892
2467  2.24892
2468  2.24714
2469  2.24892
2470  2.24892
2471  2.24892
2472  2.25223
2473  2.24714
2474  2.25428
2475  2.24892
2476  2.24714
2477  2.24892
2478  2.25593
2479  2.25771
2480  2.25593
2481  2.25759
2482  2.25251
2483  2.24892
2484  2.24714
2485  2.24714
2486  2.24714
2487  2.24714
2488  2.24892
2489  2.24892
2490  2.254
2491  2.24714
2492  2.24714
2493  2.24714
2494  2.25251
2495  2.25251
2496  2.25251
2497  2.24892
2498  2.24892
2499  2.24892
2500  2.25251
2501  2.25937
2502  2.24714
2503  2.25428
2504  2.254
2505  2.24892
2506  2.24892
2507  2.24714
2508  2.24714
2509  2.24714
2510  2.24714
2511  2.254
2512  2.254
2513  2.254
2514  2.254
2515  2.254
2516  2.254
2517  2.25251
2518  2.24714
2519  2.25251
2520  2.25251
2521  2.25251
2522  2.24714
2523  2.25759
2524  2.25223
2525  2.24892
2526  2.24892
2527  2.25428
2528  2.25759
2529  2.24892
2530  2.24714
2531  2.25759
2532  2.24892
2533  2.25428
2534  2.24892
2535  2.25251
2536  2.25593
2537  2.24892
2538  2.254
2539  2.24892
2540  2.25428
2541  2.24892
2542  2.254
2543  2.254
2544  2.24714
2545  2.24892
2546  2.24714
2547  2.25251
2548  2.24714
2549  2.25593
2550  2.25428
2551  2.25428
2552  2.24714
2553  2.24892
2554  2.24892
2555  2.24714
2556  2.24892
2557  2.24892
2558  2.24892
2559  2.24892
2560  2.24714
2561  2.25223
2562  2.25223
2563  2.25223
2564  2.25593
2565  2.25771
2566  2.24892
2567  2.24892
2568  2.25759
2569  2.25251
2570  2.24714
2571  2.25223
2572  2.24892
2573  2.254
2574  2.24714
2575  2.24892
2576  2.24714
2577  2.24714
2578  2.24714
2579  2.254
2580  2.24714
2581  2.24892
2582  2.25428
2583  2.25251
2584  2.25428
2585  2.24892
2586  2.24714
2587  2.24892
2588  2.25223
2589  2.25759
2590  2.26279
2591  2.24714
2592  2.24714
2593  2.24714
2594  2.254
2595  2.24892
2596  2.24892
2597  2.24892
2598  2.24714
2599  2.24892
2600  2.24714
2601  2.24714
2602  2.24714
2603  2.24714
2604  2.24714
2605  2.24714
2606  2.2613
2607  2.25251
2608  2.26102
2609  2.25223
2610  2.24714
2611  2.25251
2612  2.26102
2613  2.254
2614  2.25428
2615  2.2613
2616  2.25771
2617  2.24714
2618  2.24892
2619  2.24714
2620  2.24714
2621  2.25593
2622  2.25593
2623  2.254
2624  2.254
2625  2.24714
2626  2.24714
2627  2.24714
2628  2.24714
2629  2.254
2630  2.24892
2631  2.24714
2632  2.24892
2633  2.24714
2634  2.24714
2635  2.24892
2636  2.25223
2637  2.254
2638  2.25593
2639  2.25593
2640  2.24714
2641  2.25593
2642  2.2613
2643  2.2613
2644  2.25593
2645  2.25428
2646  2.25251
2647  2.25251
2648  2.24892
2649  2.24714
2650  2.24714
2651  2.26534
2652  2.24714
2653  2.24714
2654  2.24892
2655  2.26307
2656  2.25593
2657  2.24892
2658  2.24714
2659  2.24714
2660  2.24714
2661  2.25223
2662  2.26279
2663  2.25771
2664  2.25223
2665  2.25223
2666  2.254
2667  2.24892
2668  2.25251
2669  2.24892
2670  2.24714
2671  2.24714
2672  2.24714
2673  2.24714
2674  2.24714
2675  2.25251
2676  2.24892
2677  2.25223
2678  2.25223
2679  2.25593
2680  2.26102
2681  2.24714
2682  2.24892
2683  2.24714
2684  2.24892
2685  2.25223
2686  2.24714
2687  2.25251
2688  2.25251
2689  2.25223
2690  2.25223
2691  2.24892
2692  2.24892
2693  2.24892
2694  2.24892
2695  2.24714
2696  2.2722
2697  2.26711
2698  2.27264
2699  2.24892
2700  2.25251
2701  2.24892
2702  2.24892
2703  2.24892
2704  2.254
2705  2.25223
2706  2.24714
2707  2.24714
2708  2.24892
2709  2.24892
2710  2.24892
2711  2.24714
2712  2.24714
2713  2.24714
2714  2.25771
2715  2.25771
2716  2.24714
2717  2.25937
2718  2.25937
2719  2.25251
2720  2.25428
2721  2.24714
2722  2.24714
2723  2.24714
2724  2.24714
2725  2.24714
2726  2.24714
2727  2.24714
2728  2.24714
2729  2.25251
2730  2.25759
2731  2.24892
2732  2.24714
2733  2.25251
2734  2.24714
2735  2.24892
2736  2.24892
2737  2.24892
2738  2.24714
2739  2.24714
2740  2.25428
2741  2.254
2742  2.24892
2743  2.25223
2744  2.24892
2745  2.25223
2746  2.25759
2747  2.24714
2748  2.24892
2749  2.24892
2750  2.24892
2751  2.254
2752  2.25771
2753  2.25593
2754  2.24892
2755  2.24892
2756  2.25428
2757  2.25251
2758  2.25251
2759  2.25251
2760  2.24714
2761  2.25593
2762  2.24714
2763  2.24714
2764  2.24714
2765  2.24714
2766  2.24714
2767  2.24714
2768  2.25593
2769  2.25223
2770  2.24714
2771  2.24714
2772  2.25593
2773  2.24714
2774  2.25223
2775  2.25223
2776  2.25251
2777  2.24714
2778  2.24714
2779  2.24892
2780  2.24892
2781  2.25223
2782  2.25251
2783  2.24892
2784  2.25428
2785  2.24892
2786  2.24892
2787  2.24714
2788  2.24714
2789  2.24714
2790  2.24892
2791  2.24892
2792  2.25251
2793  2.24714
2794  2.254
2795  2.254
2796  2.24892
2797  2.24892
2798  2.24892
2799  2.24892
2800  2.24892
2801  2.25223
2802  2.24714
2803  2.25251
2804  2.25428
2805  2.24892
2806  2.24714
2807  2.24892
2808  2.24714
2809  2.24714
2810  2.24714
2811  2.25428
2812  2.254
2813  2.25759
2814  2.25759
2815  2.26307
2816  2.24714
2817  2.24892
2818  2.24892
2819  2.25593
2820  2.254
2821  2.24714
2822  2.24892
2823  2.24892
2824  2.24714
2825  2.24714
2826  2.24714
2827  2.24714
2828  2.24714
2829  2.24714
2830  2.24714
2831  2.24892
2832  2.25251
2833  2.25428
2834  2.24714
2835  2.24714
2836  2.24714
2837  2.24892
2838  2.24714
2839  2.24714
2840  2.24714
2841  2.24892
2842  2.24714
2843  2.24714
2844  2.254
2845  2.24714
2846  2.25251
2847  2.25759
2848  2.25759
2849  2.25223
2850  2.24714
2851  2.25251
2852  2.24714
2853  2.24714
2854  2.24892
2855  2.254
2856  2.24892
2857  2.24892
2858  2.25428
2859  2.25223
2860  2.24714
2861  2.24892
2862  2.24714
2863  2.24714
2864  2.25223
2865  2.25593
2866  2.25223
2867  2.25251
2868  2.25759
2869  2.25937
2870  2.25251
2871  2.254
2872  2.24892
2873  2.25428
2874  2.24892
2875  2.24714
2876  2.25251
2877  2.24714
2878  2.24714
2879  2.24714
2880  2.24714
2881  2.24714
2882  2.24892
2883  2.25223
2884  2.25223
2885  2.254
2886  2.25759
2887  2.25937
2888  2.24714
2889  2.24714
2890  2.26102
2891  2.25937
2892  2.26639
2893  2.25593
2894  2.24714
2895  2.25428
2896  2.24714
2897  2.24892
2898  2.24892
2899  2.24892
2900  2.24892
2901  2.24714
2902  2.24714
2903  2.24714
2904  2.25251
2905  2.25759
2906  2.25223
2907  2.24714
2908  2.24714
2909  2.24714
2910  2.24714
2911  2.24714
2912  2.24892
2913  2.24892
2914  2.24714
2915  2.24714
2916  2.24892
2917  2.24892
2918  2.24892
2919  2.24892
2920  2.24892
2921  2.24714
2922  2.24714
2923  2.25223
2924  2.25223
2925  2.24714
2926  2.25593
2927  2.25251
2928  2.25428
2929  2.24892
2930  2.254
2931  2.24892
2932  2.24892
2933  2.24892
2934  2.25771
2935  2.25593
2936  2.25593
2937  2.24714
2938  2.25593
2939  2.24892
2940  2.24892
2941  2.24892
2942  2.24714
2943  2.24714
2944  2.24714
2945  2.24892
2946  2.24714
2947  2.24714
2948  2.24892
2949  2.24714
2950  2.24714
2951  2.25223
2952  2.25223
2953  2.24714
2954  2.24714
2955  2.24714
2956  2.24714
2957  2.24714
2958  2.25251
2959  2.24714
2960  2.24714
2961  2.25759
2962  2.24714
2963  2.24714
2964  2.24714
2965  2.24714
2966  2.24714
2967  2.24714
2968  2.24714
2969  2.24892
2970  2.24892
2971  2.24714
2972  2.24714
2973  2.24714
2974  2.24892
2975  2.24892
2976  2.25251
2977  2.24714
2978  2.24714
2979  2.24714
2980  2.254
2981  2.24714
2982  2.24714
2983  2.24714
2984  2.24714
2985  2.24892
2986  2.24714
2987  2.24714
2988  2.24714
2989  2.24714
2990  2.254
