1  20.5991
2  20.2573
3  13.5318
4  6.068
5  6.03402
6  8.44202
7  3.8003
8  5.94531
9  6.7512
10  5.00877
11  3.92051
12  2.72677
13  3.47559
14  3.27247
15  3.45219
16  3.60663
17  3.17831
18  2.83458
19  3.01998
20  2.92282
21  3.17191
22  3.94983
23  3.33568
24  3.93065
25  3.36008
26  2.99015
27  2.75197
28  3.32251
29  2.71279
30  3.38732
31  3.51147
32  2.57314
33  2.98635
34  2.30049
35  2.50799
36  2.74232
37  2.47832
38  2.49577
39  2.78404
40  2.48161
41  2.4788
42  2.51213
43  2.77909
44  3.06903
45  2.96983
46  2.61605
47  2.97088
48  2.83434
49  2.83773
50  2.34306
51  2.52302
52  2.4458
53  2.73839
54  2.5177
55  2.31055
56  2.60467
57  2.58506
58  2.57315
59  2.53396
60  2.37279
61  2.55256
62  2.41494
63  2.35365
64  2.25428
65  2.39878
66  2.44409
67  2.49221
68  2.39818
69  2.45246
70  2.56631
71  2.46506
72  2.2834
73  2.28517
74  2.34306
75  2.44503
76  2.35834
77  2.31232
78  2.50407
79  2.49252
80  2.31232
81  2.37049
82  2.30176
83  2.30353
84  2.37904
85  2.30262
86  2.27173
87  2.40211
88  2.35874
89  2.50482
90  2.28964
91  2.42891
92  2.32467
93  2.27042
94  2.27042
95  2.46036
96  2.54902
97  2.44374
98  2.40623
99  2.3336
100  2.37457
101  2.37121
102  2.4129
103  2.41047
104  2.42491
105  2.37371
106  2.34154
107  2.32334
108  2.25593
109  2.26534
110  2.48151
111  2.24892
112  2.25759
113  2.42579
114  2.29727
115  2.3606
116  2.35378
117  2.29767
118  2.28652
119  2.29886
120  2.28517
121  2.25251
122  2.25251
123  2.34017
124  2.2798
125  2.28312
126  2.29191
127  2.36571
128  2.34423
129  2.28517
130  2.32976
131  2.25251
132  2.28652
133  2.29512
134  2.30684
135  2.31232
136  2.26797
137  2.28008
138  2.27306
139  2.27859
140  2.30353
141  2.38981
142  2.33557
143  2.25759
144  2.3077
145  2.30309
146  2.32678
147  2.24714
148  2.37968
149  2.43086
150  2.29407
151  2.29407
152  2.25771
153  2.26279
154  2.26797
155  2.2798
156  2.29368
157  2.29191
158  2.26102
159  2.24714
160  2.25759
161  2.28992
162  2.27682
163  2.29407
164  2.32659
165  2.29142
166  2.28099
167  2.32096
168  2.36062
169  2.24892
170  2.28517
171  2.24892
172  2.2735
173  2.27128
174  2.26797
175  2.27499
176  2.34787
177  2.32974
178  2.34002
179  2.2662
180  2.28633
181  2.3348
182  2.25593
183  2.25771
184  2.28633
185  2.26711
186  2.25937
187  2.254
188  2.25428
189  2.34706
190  2.35478
191  2.27682
192  2.25937
193  2.31736
194  2.30618
195  2.298
196  2.25771
197  2.32631
198  2.34458
199  2.25771
200  2.34316
201  2.31136
202  2.26279
203  2.29512
204  2.26797
205  2.27682
206  2.2735
207  2.30217
208  2.27803
209  2.28517
210  2.27306
211  2.27682
212  2.25759
213  2.31741
214  2.27264
215  2.25771
216  2.27803
217  2.28312
218  2.28312
219  2.27803
220  2.30309
221  2.28848
222  2.26816
223  2.254
224  2.28738
225  2.24892
226  2.27087
227  2.24892
228  2.25223
229  2.26102
230  2.24892
231  2.24714
232  2.24892
233  2.27676
234  2.27173
235  2.27087
236  2.28633
237  2.27596
238  2.27922
239  2.2759
240  2.27173
241  2.29512
242  2.26711
243  2.2917
244  2.30049
245  2.2759
246  2.26534
247  2.24714
248  2.27803
249  2.30765
250  2.28052
251  2.25223
252  2.254
253  2.25937
254  2.25428
255  2.24714
256  2.27499
257  2.27173
258  2.24714
259  2.30275
260  2.32289
261  2.33364
262  2.25759
263  2.28185
264  2.26797
265  2.25223
266  2.25593
267  2.25593
268  2.25223
269  2.25223
270  2.25223
271  2.2735
272  2.2613
273  2.25223
274  2.28992
275  2.25759
276  2.26307
277  2.27966
278  2.26816
279  2.254
280  2.24714
281  2.254
282  2.27173
283  2.26102
284  2.26279
285  2.24714
286  2.24714
287  2.27173
288  2.2662
289  2.2662
290  2.254
291  2.24892
292  2.26307
293  2.24892
294  2.2613
295  2.25593
296  2.25937
297  2.25428
298  2.25593
299  2.2613
300  2.28052
301  2.26797
302  2.25593
303  2.27413
304  2.27773
305  2.27499
306  2.27682
307  2.26797
308  2.24892
309  2.25937
310  2.26102
311  2.254
312  2.24714
313  2.26711
314  2.24892
315  2.2613
316  2.26639
317  2.26711
318  2.25223
319  2.25771
320  2.24714
321  2.2662
322  2.24892
323  2.28312
324  2.2834
325  2.27803
326  2.29368
327  2.28229
328  2.28633
329  2.29844
330  2.24892
331  2.25428
332  2.2735
333  2.24714
334  2.24714
335  2.27042
336  2.26639
337  2.25428
338  2.25937
339  2.25759
340  2.27859
341  2.31644
342  2.25759
343  2.25593
344  2.26534
345  2.26816
346  2.26639
347  2.25937
348  2.2613
349  2.26279
350  2.25771
351  2.26711
352  2.26711
353  2.26534
354  2.2759
355  2.25223
356  2.26279
357  2.26307
358  2.27413
359  2.26711
360  2.25759
361  2.24892
362  2.24892
363  2.24714
364  2.2613
365  2.25251
366  2.25223
367  2.25223
368  2.27682
369  2.24892
370  2.25771
371  2.24714
372  2.25937
373  2.28738
374  2.28561
375  2.29501
376  2.24892
377  2.25593
378  2.2613
379  2.27087
380  2.25593
381  2.2613
382  2.24714
383  2.25428
384  2.24714
385  2.27128
386  2.25223
387  2.24714
388  2.25593
389  2.25937
390  2.24892
391  2.24892
392  2.2613
393  2.24714
394  2.24714
395  2.25428
396  2.24714
397  2.25759
398  2.25251
399  2.25428
400  2.25251
401  2.254
402  2.28099
403  2.27596
404  2.28008
405  2.28561
406  2.27306
407  2.27128
408  2.25759
409  2.25759
410  2.25428
411  2.2613
412  2.25251
413  2.25251
414  2.25223
415  2.25223
416  2.27596
417  2.27264
418  2.27042
419  2.25223
420  2.24714
421  2.24892
422  2.24892
423  2.28008
424  2.27128
425  2.25223
426  2.254
427  2.25428
428  2.25428
429  2.25428
430  2.25251
431  2.24714
432  2.25223
433  2.26102
434  2.25759
435  2.254
436  2.25223
437  2.25223
438  2.24892
439  2.25251
440  2.26639
441  2.25937
442  2.24892
443  2.26534
444  2.26102
445  2.25593
446  2.25251
447  2.25937
448  2.25759
449  2.25759
450  2.254
451  2.25223
452  2.25223
453  2.24892
454  2.25428
455  2.24714
456  2.24714
457  2.24892
458  2.24892
459  2.24714
460  2.27173
461  2.24892
462  2.25771
463  2.25223
464  2.25428
465  2.25223
466  2.254
467  2.26279
468  2.25593
469  2.25223
470  2.25937
471  2.2759
472  2.26711
473  2.24892
474  2.24892
475  2.25251
476  2.25771
477  2.25937
478  2.24714
479  2.24714
480  2.25223
481  2.254
482  2.24892
483  2.25771
484  2.25428
485  2.25223
486  2.25937
487  2.26279
488  2.25771
489  2.26307
490  2.25937
491  2.25937
492  2.25251
493  2.25223
494  2.26102
495  2.25593
496  2.25593
497  2.24714
498  2.24714
499  2.254
500  2.2613
501  2.25937
502  2.254
503  2.254
504  2.24714
505  2.25593
506  2.24892
507  2.25937
508  2.254
509  2.26639
510  2.28652
511  2.24892
512  2.24892
513  2.24892
514  2.27128
515  2.2662
516  2.24714
517  2.25593
518  2.25223
519  2.25251
520  2.25593
521  2.2613
522  2.24892
523  2.26639
524  2.25593
525  2.24892
526  2.25251
527  2.25223
528  2.25759
529  2.254
530  2.24714
531  2.2613
532  2.25428
533  2.24714
534  2.24714
535  2.24714
536  2.25759
537  2.254
538  2.25428
539  2.25223
540  2.26279
541  2.26102
542  2.26102
543  2.25593
544  2.24714
545  2.25771
546  2.24714
547  2.25223
548  2.25937
549  2.25251
550  2.2722
551  2.24714
552  2.24714
553  2.25251
554  2.24892
555  2.25771
556  2.26534
557  2.27087
558  2.254
559  2.25223
560  2.24892
561  2.25251
562  2.24714
563  2.24714
564  2.24714
565  2.24892
566  2.24892
567  2.25771
568  2.25771
569  2.26102
570  2.254
571  2.26102
572  2.24892
573  2.24714
574  2.25251
575  2.25223
576  2.25223
577  2.25759
578  2.24892
579  2.26307
580  2.2613
581  2.25759
582  2.24892
583  2.24714
584  2.24714
585  2.25428
586  2.2613
587  2.254
588  2.25771
589  2.2613
590  2.24714
591  2.24714
592  2.26711
593  2.24892
594  2.24714
595  2.24714
596  2.24892
597  2.24892
598  2.25428
599  2.25428
600  2.25251
601  2.25251
602  2.25428
603  2.25251
604  2.24892
605  2.25593
606  2.24892
607  2.24892
608  2.24714
609  2.25593
610  2.24892
611  2.25593
612  2.25251
613  2.24714
614  2.25223
615  2.25223
616  2.24714
617  2.25223
618  2.25223
619  2.25223
620  2.25251
621  2.254
622  2.25223
623  2.254
624  2.26102
625  2.25937
626  2.25937
627  2.254
628  2.25223
629  2.24714
630  2.24714
631  2.24714
632  2.25428
633  2.24714
634  2.24892
635  2.25223
636  2.25759
637  2.25428
638  2.25223
639  2.24714
640  2.25251
641  2.24714
642  2.25251
643  2.24714
644  2.25223
645  2.24892
646  2.254
647  2.24714
648  2.26797
649  2.254
650  2.24714
651  2.25428
652  2.25593
653  2.25223
654  2.24892
655  2.25251
656  2.25428
657  2.24892
658  2.25223
659  2.25937
660  2.25759
661  2.24714
662  2.24714
663  2.24714
664  2.254
665  2.24714
666  2.24714
667  2.254
668  2.254
669  2.26797
670  2.25593
671  2.25593
672  2.25593
673  2.25593
674  2.24892
675  2.25593
676  2.25593
677  2.24892
678  2.25428
679  2.25428
680  2.25251
681  2.24714
682  2.24892
683  2.254
684  2.254
685  2.25428
686  2.24714
687  2.24892
688  2.25771
689  2.24714
690  2.25428
691  2.24714
692  2.24714
693  2.24714
694  2.25428
695  2.24714
696  2.25223
697  2.25428
698  2.25251
699  2.24892
700  2.24892
701  2.24714
702  2.2613
703  2.25428
704  2.24892
705  2.24714
706  2.26797
707  2.25223
708  2.27859
709  2.24714
710  2.24714
711  2.24892
712  2.24714
713  2.24714
714  2.25223
715  2.24892
716  2.24892
717  2.25223
718  2.24714
719  2.25428
720  2.24714
721  2.24714
722  2.24892
723  2.24892
724  2.24892
725  2.24714
726  2.24714
727  2.24714
728  2.25937
729  2.24714
730  2.24714
731  2.24714
732  2.26816
733  2.25759
734  2.2613
735  2.24714
736  2.25223
737  2.24714
738  2.254
739  2.24714
740  2.25251
741  2.25593
742  2.25428
743  2.24892
744  2.25759
745  2.25771
746  2.26279
747  2.24714
748  2.24714
749  2.25428
750  2.24714
751  2.25937
752  2.25251
753  2.24714
754  2.24714
755  2.25251
756  2.25251
757  2.24714
758  2.24714
759  2.25593
760  2.24714
761  2.24892
762  2.25428
763  2.25771
764  2.24892
765  2.24892
766  2.24892
767  2.24714
768  2.24714
769  2.25223
770  2.25223
771  2.26102
772  2.24892
773  2.24714
774  2.24892
775  2.25428
776  2.24714
777  2.254
778  2.28312
779  2.28312
780  2.24714
781  2.24714
782  2.25759
783  2.25251
784  2.24892
785  2.24892
786  2.24714
787  2.25428
788  2.25251
789  2.24714
790  2.24892
791  2.24892
792  2.24714
793  2.25223
794  2.254
795  2.25223
796  2.254
797  2.25771
798  2.24714
799  2.24714
800  2.25759
801  2.24892
802  2.24714
803  2.24892
804  2.24892
805  2.24892
806  2.24892
807  2.24892
808  2.24892
809  2.24892
810  2.25771
811  2.26307
812  2.24714
813  2.24714
814  2.24714
815  2.24714
816  2.25251
817  2.25223
818  2.24714
819  2.25428
820  2.25251
821  2.24892
822  2.24714
823  2.24714
824  2.254
825  2.24714
826  2.25223
827  2.254
828  2.24714
829  2.25428
830  2.25251
831  2.24714
832  2.25223
833  2.25428
834  2.24892
835  2.254
836  2.24714
837  2.25251
838  2.24892
839  2.24892
840  2.25593
841  2.25251
842  2.25759
843  2.24714
844  2.24892
845  2.25251
846  2.24892
847  2.24892
848  2.24892
849  2.24714
850  2.24892
851  2.24892
852  2.25771
853  2.25771
854  2.24714
855  2.24714
856  2.25771
857  2.24892
858  2.24892
859  2.25251
860  2.25428
861  2.25251
862  2.24714
