0.488617   0.487054   0.489517
-0.350678   -0.35823   0.474741
-0.487219   -0.347529   -0.35612
-0.328656   0.476328   -0.333887
-0.16288   0.4961   0.495958
-0.00366378   -0.338522   -0.49635
-0.205311   -0.35798   -0.317527
-0.0045237   -0.499906   -0.33635
0.170837   -0.492884   0.499457
0.327048   -0.34303   0.496965
0.167304   -0.344529   -0.331416
0.335154   0.474988   -0.341303
-0.477823   -0.169367   0.493249
-0.323148   0.0233919   0.495048
0.493041   0.00700323   -0.333329
-0.333583   -0.140104   -0.324043
-0.188228   -0.168129   -0.486495
0.00433114   0.00406472   -0.488696
-0.168429   0.00310085   -0.332566
0.00409375   -0.180571   -0.338979
0.192872   -0.175867   0.497865
0.344306   -0.0263199   -0.496983
0.171971   0.00687536   -0.327812
0.334599   -0.176273   -0.338964
0.487793   0.177594   -0.487008
-0.31185   0.336141   0.492828
0.496482   0.337168   -0.340518
-0.319738   0.189989   -0.35942
-0.156061   0.170626   0.496109
0.01507   0.355114   -0.49644
-0.155229   0.334123   -0.319815
0.0017245   0.192078   -0.345891
0.174638   0.178018   0.490509
0.332637   0.331118   0.486496
0.164424   0.337749   -0.338503
0.319765   0.190254   -0.344103
0.491337   0.496312   -0.177531
-0.353441   -0.336518   -0.16529
-0.499173   -0.34708   0.0187109
-0.329413   -0.484646   -0.00210079
-0.166642   0.491843   -0.163611
0.00642265   -0.353538   -0.156908
-0.165766   -0.338334   -0.00845514
0.00457485   0.491706   0.00672435
0.157189   0.488433   -0.163841
0.345055   -0.341802   -0.181644
0.184995   -0.339633   -0.0209542
0.34315   -0.499732   0.0178459
0.475143   -0.181523   -0.179302
-0.339439   0.0303378   -0.181582
-0.498155   0.00467098   0.00547403
-0.342806   -0.149525   -0.0303692
-0.143719   -0.191164   -0.17961
0.00374225   -0.00614077   -0.153993
-0.165993   -0.0133539   0.00147964
0.00620811   -0.187205   0.00590794
0.164348   -0.15751   -0.174746
0.326074   0.0051033   -0.164061
0.167925   -0.00441304   0.0124204
0.322968   -0.15364   0.00629319
0.482292   0.1903   -0.171255
-0.340054   0.308723   -0.141996
-0.482553   0.329717   0.0119841
-0.332332   0.145772   0.0313222
-0.167168   0.176823   -0.145464
-0.0060273   0.335319   -0.154777
-0.172025   0.350878   -0.00644551
0.0192647   0.169719   -0.00122878
0.177126   0.179903   -0.165213
0.337021   0.33718   -0.166571
0.17304   0.341333   0.00115397
0.310678   0.160287   -0.00166281
0.497836   0.477193   0.175008
-0.3268   -0.2985   0.165527
0.499771   -0.309202   0.323409
-0.332905   -0.498665   0.32291
-0.181087   -0.480559   0.169707
0.00941434   -0.338548   0.170086
-0.166487   -0.326121   0.326255
-0.00633557   -0.497185   0.327563
0.164785   -0.489974   0.163438
0.327089   -0.322774   0.180028
0.161347   -0.339111   0.35001
0.328633   0.497891   0.31444
-0.497191   -0.157693   0.143639
-0.350345   -0.0017758   0.185714
0.497076   0.0186968   0.341491
-0.328495   -0.152659   0.330212
-0.167635   -0.155402   0.164558
-0.00751955   -0.00394261   0.16899
-0.151761   -0.00807065   0.340722
0.00796019   -0.177353   0.340603
0.174718   -0.166115   0.168306
0.321979   0.0111384   0.174352
0.147808   -0.0125775   0.358035
0.329732   -0.168801   0.339353
0.49168   0.168211   0.172704
-0.317245   0.331515   0.17054
-0.498691   0.322063   0.338557
-0.314715   0.172235   0.335143
-0.152968   0.158788   0.156264
-0.00949683   0.3298   0.164894
-0.158338   0.329547   0.322708
0.00505558   0.174254   0.347019
0.157851   0.158626   0.173343
0.31872   0.323926   0.168203
0.163329   0.325652   0.318323
0.3197   0.167253   0.331013
