0.488692   0.487013   0.489566
-0.350545   -0.358306   0.474958
-0.487334   -0.347459   -0.356038
-0.328636   0.476294   -0.333954
-0.163034   0.496023   0.495988
-0.00353194   -0.338676   -0.496363
-0.205366   -0.357843   -0.3175
-0.00457326   -0.499809   -0.336403
0.170858   -0.492895   0.499435
0.326845   -0.342965   0.496848
0.167506   -0.344644   -0.331389
0.334921   0.474989   -0.341231
-0.477954   -0.169395   0.493224
-0.323316   0.0233187   0.495088
0.493036   0.00713146   -0.333225
-0.333544   -0.140118   -0.323831
-0.188269   -0.168133   -0.486608
0.00432575   0.0040488   -0.488571
-0.168472   0.00298089   -0.332634
0.00406598   -0.180727   -0.338898
0.19287   -0.175785   0.497965
0.344198   -0.0262772   -0.496871
0.171938   0.00685139   -0.327817
0.334657   -0.176171   -0.339011
0.487877   0.177639   -0.486973
-0.311847   0.336199   0.492881
0.496609   0.337456   -0.340472
-0.319706   0.1899   -0.359496
-0.156143   0.170681   0.496137
0.0150307   0.355027   -0.496453
-0.155193   0.333953   -0.319818
0.00172304   0.192011   -0.345901
0.174516   0.177966   0.490571
0.332688   0.331197   0.486419
0.164292   0.337769   -0.338677
0.319812   0.190347   -0.344018
0.491383   0.496496   -0.177539
-0.35337   -0.336496   -0.165348
-0.499064   -0.347071   0.0187371
-0.329245   -0.484649   -0.00214797
-0.166748   0.491808   -0.163463
0.0063228   -0.353448   -0.156873
-0.16561   -0.338119   -0.00830254
0.00458875   0.491642   0.00671624
0.157321   0.488488   -0.163842
0.345228   -0.341758   -0.181652
0.185028   -0.339637   -0.0209049
0.343089   -0.499521   0.0177389
0.475101   -0.181601   -0.179233
-0.339286   0.0302704   -0.181606
-0.498019   0.00470538   0.0055094
-0.342728   -0.149505   -0.0302688
-0.1439   -0.191107   -0.179726
0.00393421   -0.00608556   -0.154211
-0.165854   -0.0134415   0.00157981
0.0063654   -0.187111   0.0058594
0.16413   -0.157562   -0.174713
0.326043   0.00509773   -0.16416
0.167791   -0.00441307   0.01234
0.323028   -0.153691   0.00625692
0.482207   0.190179   -0.171447
-0.339976   0.308553   -0.1421
-0.48272   0.329718   0.0120766
-0.332346   0.145826   0.0314664
-0.167096   0.176684   -0.145457
-0.00584801   0.335288   -0.154919
-0.172135   0.350926   -0.00647843
0.0193719   0.169826   -0.00130443
0.177063   0.17992   -0.165205
0.336926   0.337148   -0.166582
0.172915   0.341352   0.00123719
0.310631   0.16043   -0.00171619
0.497799   0.477141   0.175039
-0.326742   -0.298511   0.165451
0.499914   -0.309222   0.32344
-0.332831   -0.498712   0.322897
-0.181224   -0.480577   0.169659
0.00941584   -0.338527   0.169906
-0.166483   -0.326205   0.326342
-0.00635524   -0.497135   0.327703
0.164821   -0.489989   0.163468
0.326993   -0.322632   0.180042
0.16148   -0.339115   0.349973
0.328655   0.497904   0.314414
-0.497268   -0.15776   0.143803
-0.350262   -0.00161465   0.185728
0.4972   0.0187522   0.341381
-0.32857   -0.152727   0.330192
-0.167637   -0.155454   0.164366
-0.00755524   -0.00398124   0.168909
-0.151699   -0.00804345   0.340768
0.0080633   -0.177366   0.34049
0.174713   -0.166284   0.168379
0.321925   0.0112129   0.174325
0.147655   -0.0124092   0.357949
0.32972   -0.1689   0.339245
0.491552   0.168303   0.172735
-0.317308   0.331531   0.170671
-0.498794   0.321892   0.33852
-0.31474   0.172302   0.335088
-0.152997   0.158888   0.156288
-0.00944345   0.329687   0.164966
-0.158252   0.32954   0.322753
0.00506155   0.174132   0.346963
0.157906   0.158506   0.173326
0.318551   0.323834   0.168354
0.163377   0.325616   0.318223
0.319841   0.16719   0.331
